2.140719024841845286e+00 7.191945687393920039e+00 5.724348094429871736e+01 7.436420305508409001e+02 1.918916833821940884e+02 1.519333436198117404e+01 1.598055855577842799e+00 9.611171115568584167e-01 1.904490047832124500e+00 5.837062181762073365e+00 4.513809597284369346e+01 8.906651751272951287e+02 6.992933189322634746e+01 3.904181453479401043e+00 1.449159080388828791e+00 1.034871161857737976e+00 1.927171732757290368e+00 5.329887363061255989e+00 8.549344237000462954e+01 8.520805431260607747e+02 6.752198734763153709e+01 4.433420768399938261e+00 1.855886437278197576e+00 1.220027773491745071e+00
7.160565812983919614e+02 2.884644133412746214e+02 1.217138177486599204e+01 3.045860631328171753e+00 1.884603930911256775e+00 6.944609886837403989e-01 4.103633114949374883e-01 5.099761762954140298e-01 1.215196545562835126e+02 7.617050327575939264e+02 1.208978558665872640e+02 1.213802858844550414e+01 3.784097677188803299e+00 1.539755807027993084e+00 9.358248957712924643e-01 7.173913043478261642e-01 2.212641453245979903e+02 7.137598272781417563e+02 7.127159023228112744e+01 9.492108397855867352e+00 4.083234067897558717e+00 1.643686718284693482e+00 8.835616438356165281e-01 8.394877903513997541e-01
8.451737451737452389e+00 2.775752895752895810e+01 8.602679536679536909e+01 2.202034749034749268e+02 3.302220849420849618e+02 2.300595366795367056e+02 8.783760617760619027e+01 3.047104247104247321e+01 3.596138996138996458e+00 1.278687258687258854e+01 3.438100386100386174e+01 9.391127413127414059e+01 2.459413899613899730e+02 3.638020077220077724e+02 2.009983783783783906e+02 6.561274131274132060e+01 5.136833976833977466e+00 1.584640926640926750e+01 3.686849420849421222e+01 1.062692664092664216e+02 2.514597683397683454e+02 3.195226254826255285e+02 1.995554440154440385e+02 8.637096525096525568e+01
5.516553649780614466e-01 8.136816912644594169e+00 1.498336657359393485e+02 7.739186278420422695e+02 7.796330275229357198e+01 3.566812923813322378e+00 1.934982050259273834e+00 6.766653370562424996e+00 1.921420023932987498e+00 1.316808934982050232e+02 8.121687275628240741e+02 6.059752692461108836e+01 6.714399680893497369e+00 1.905065815715995203e+00 4.228560031910649997e+00 3.455923414439569186e+00 5.072118069405663476e+01 6.223538093338651151e+02 3.255297167929796274e+02 1.314678899082568719e+01 3.133625847626645200e+00 2.986836856800957118e+00 4.424411647387315405e+00 3.761467889908256534e-01
4.541013824884792882e+00 7.230599078341013808e+01 2.171244239631336370e+01 3.058976958525345822e+02 4.960165898617511289e+02 4.755483870967741922e+01 7.537327188940092526e+01 8.294930875576037727e-03 2.587373271889400783e+01 8.309732718894009622e+02 1.633096774193548413e+02 2.033179723502304359e+00 1.019354838709677358e+00 8.571428571428571508e-02 1.152073732718894017e-01 0.000000000000000000e+00 9.849824884792626563e+02 3.477142857142857224e+01 1.745622119815668283e+00 1.337327188940092171e+00 4.506912442396313612e-01 1.225806451612903164e-01 0.000000000000000000e+00 0.000000000000000000e+00
7.968934284062440554e+01 2.121284126678229711e+02 2.853829254191559244e+02 2.057090640457377901e+02 1.178851416457891759e+02 6.141889895291321722e+01 3.339834264790903973e+01 2.453356459176463034e+01 1.893421982398663772e+01 7.776006937752939052e+01 1.770357808183978818e+02 2.617028329157834037e+02 2.411364424744652126e+02 1.373369949251622018e+02 6.739108370270443515e+01 3.884826877368792708e+01 2.078756343547247454e+01 8.987454230102139263e+01 1.925911222457763188e+02 2.527770283291578437e+02 2.080838954197982957e+02 1.368523800346887640e+02 7.333596710991199075e+01 4.584319393589002800e+01
7.551483090874741011e-01 2.633667107500472504e+00 5.150198375212545088e+00 8.943132439070470951e+00 7.269922539202721623e+01 8.413058756848668054e+02 8.986604949933875730e+01 2.392782920838843808e+00 5.939920649914982587e-01 2.336860003778575390e+00 4.528622709238617539e+00 8.576799546570942567e+00 1.065973927829208492e+02 8.368492348384659181e+02 6.114812015870017348e+01 3.115057623276025200e+00 1.376157188739845161e+00 3.969960324957491071e+00 4.673531078783298653e+00 1.975363687889665698e+01 3.569520120914415315e+02 5.750617797090496879e+02 5.845550727375779587e+01 3.503495182316266998e+00
4.003681546249425183e-01 1.967326277036355320e+00 3.474459272894615758e+00 6.710538426138978885e+00 4.813161527841693932e+00 2.447814081914404127e+01 7.084537505752416564e+01 9.112517257248044871e+02 5.457892314772204712e-01 3.417395306028532254e+00 7.132535664979291923e+00 3.863322595490105815e+00 5.333640128854119311e+00 2.692176714219972666e+01 8.844827427519558114e+02 9.224390243902439579e+01 1.424758398527381509e+00 6.471698113207547287e+00 5.432121491026231652e+00 4.667740450989415812e+00 4.927059364933272434e+01 9.019829728485964324e+02 5.254993097100782506e+01 2.141279337321675413e+00
9.036716835841791351e+01 8.744348384085870975e+02 5.133298331583245755e+01 3.854742737136856778e+00 1.435888461089721124e+00 7.715552444288881206e-01 4.025201260063003272e-01 4.706568661766421524e-01 3.761439738653599107e+01 9.102438455256095722e+02 6.760681367401703312e+01 4.300081670750204310e+00 1.620231011550577582e+00 7.581379068953447709e-01 5.057752887644382245e-01 4.210710535526775988e-01 6.578473923696184045e+01 8.891354567728386655e+02 6.053692684634231824e+01 4.226344650565861727e+00 1.674833741687084210e+00 7.706218644265546702e-01 4.623731186559327799e-01 4.790572861976432062e-01
1.449883060474440377e+00 3.827263615101904382e+00 8.373204143000334554e+00 8.872903441363180832e+01 7.701627129969929229e+02 1.355664884731039024e+02 1.142849983294353500e+01 1.667056465085198669e+00 1.197126628800534665e+00 3.391914467089876428e+00 6.637821583695289185e+00 7.225141997995322640e+01 8.825312395589709240e+02 4.990511192783160510e+01 3.431339792849983361e+00 1.858169061142666223e+00 1.504176411627129895e+00 3.079184764450384026e+00 6.258102238556632280e+00 1.115715001670564703e+02 8.257637821583695086e+02 6.788656866020714631e+01 3.121282993651854465e+00 2.019545606414968386e+00
4.760840411265087724e+00 1.392802860974519490e+02 7.634286991506481854e+02 9.537594993294591461e+01 7.120697362539115005e+00 3.153330353151542198e+00 1.877961555654894976e+00 1.678140366562360430e+00 1.116092981671882001e+01 5.824456861868574151e+02 3.993907018328118284e+02 1.523737147966025951e+01 3.684845775592311412e+00 2.337058560572195187e+00 1.758158247653106798e+00 6.611533303531516026e-01 4.308538220831470511e+01 8.832758158247653455e+02 7.700670540902994787e+01 5.880643719266875458e+00 3.503799731783638904e+00 1.920876173446580237e+00 1.465355386678587335e+00 5.373267769333929245e-01
2.891126931758985830e+00 1.247310296926549711e+02 7.688598715054696413e+02 1.103066504601493278e+02 9.287897204375758164e+00 2.424900156277131291e+00 1.428546622677548061e+00 1.802917173120333283e+00 1.778954679631880476e+00 7.438999826358742951e+01 8.008954679631880254e+02 1.252674075360305466e+02 1.201510678937315468e+01 3.660531342246917674e+00 1.534120507032470826e+00 2.191352665393297094e+00 1.095641604445216188e+01 1.137378017016843188e+02 7.551349192568153512e+02 1.234525091161659986e+02 1.170741448168084631e+01 3.203160270880360816e+00 1.568327834693522993e+00 1.972391040111130200e+00
2.717898064006321501e+00 7.008297115764519525e+00 1.180758593441327520e+01 1.025563018569735263e+01 2.073093638877913634e+02 2.413484788621098289e+02 5.304354010272619462e+02 1.291505333860134286e+01 2.729355985776372950e+00 2.932832872382457268e+00 4.631766100355590332e+00 4.578071908336625739e+01 9.287451600158040037e+02 3.643461082576056498e+01 1.957724219676017174e+00 5.855393125246937114e-01 3.438166732516791502e+00 3.500987751876728282e+00 5.628328723824574809e+01 9.113974713551955347e+02 4.463295140260765947e+01 2.596207032793361957e+00 1.457131568549980161e+00 4.915053338601342858e-01
1.123336853220696874e+00 2.720380147835269380e+00 5.036958817317845671e+00 4.840549102428722605e+00 5.726715945089757120e+00 3.251383315733896495e+01 9.525575501583948608e+02 1.948067581837381113e+01 1.601900739176346233e+00 3.022175290390707314e+00 6.143822597676874331e+00 5.438014783526926799e+00 2.509778247096092940e+01 9.379687434002112241e+02 4.356156282998944107e+01 1.165997888067581867e+00 4.466525871172122741e+00 5.048574445617740380e+00 1.093875395987328325e+01 3.318304118268215461e+02 5.012325237592397116e+02 1.645776135163674780e+02 5.023231256599788530e+00 8.823653643083421150e-01
1.411273297656394163e+02 6.845482561358184057e+02 1.707481085071046323e+02 1.760638494187119463e+01 5.943901088761764484e+00 2.216091529802546756e+00 8.352094482376822837e-01 7.916589776711570048e-01 5.402472780955895892e+00 2.447796641446761328e+02 6.509608783908470286e+02 1.054323675954973254e+02 1.143384388263517337e+01 3.580734452851079386e+00 1.314818232146152344e+00 9.121609152980254542e-01 4.713009780402288129e+01 7.097040044288613672e+02 2.413770068278280121e+02 1.776213323491419160e+01 4.678907547517992427e+00 1.766008488651042541e+00 7.433105739066248052e-01 6.554714892046502595e-01
4.858833408476104410e+02 2.988521190261496940e+02 1.236181244364292127e+02 5.723433273219116302e+01 2.645536519386834939e+01 1.435313345356176740e+01 7.807146077547339580e+00 4.631424706943191971e+00 1.248124436429215507e+02 2.704881650135257019e+02 2.768933724075743612e+02 1.817539449954914232e+02 8.741771866546437764e+01 4.227637511271415605e+01 2.130714607754734047e+01 1.388582055906221768e+01 1.373414111812443537e+02 2.732541704238051921e+02 2.604314697926059239e+02 1.692463931469792442e+02 9.157168620378719481e+01 4.606492335437330610e+01 2.341084310189359741e+01 1.751408926961226342e+01
7.690949748743719283e+02 1.848201005025125880e+02 3.391231155778894646e+01 1.414623115577889578e+01 7.495854271356784615e+00 4.755025125628141502e+00 3.481281407035176301e+00 2.089195979899497679e+00 4.987810301507537929e+02 3.835798994974874745e+02 8.333454773869347321e+01 2.672236180904522840e+01 1.362525125628140898e+01 6.770854271356784970e+00 3.999748743718593236e+00 2.981281407035176301e+00 5.669070351758794004e+02 3.143841708542713604e+02 7.487261306532664662e+01 3.142047738693467807e+01 1.538806532663316773e+01 7.475628140703518554e+00 4.695226130653266772e+00 4.651758793969849926e+00
1.563609604957397181e+01 2.362742060418280232e+01 4.255460883036405306e+01 7.290007745933384342e+01 1.246302091402013872e+02 2.194649109217660623e+02 2.672131680867544219e+02 2.547561580170410309e+02 6.480867544539116842e+00 1.731525948876839394e+01 3.204663051897753689e+01 5.218017041053446547e+01 8.591154144074360488e+01 1.295341595662277143e+02 2.589025561580170347e+02 4.384114639814097245e+02 7.363903950426025524e+00 1.817955073586367121e+01 3.219333849728892005e+01 5.328675445391169063e+01 7.669078233927187682e+01 1.109841982958946431e+02 1.929243996901626588e+02 5.291597211463980557e+02
8.531497797356827562e+01 7.677408890668802997e+02 1.477819383259911774e+02 1.392010412494994043e+01 4.621145374449339371e+00 1.666199439327192611e+00 1.266519823788546217e+00 5.732879455346415742e-01 6.942731277533039425e+00 1.468245895074088878e+02 6.169823788546254946e+02 2.093325991189427384e+02 3.396655987184621495e+01 5.433720464557469043e+00 2.344813776531838201e+00 1.057669203043652306e+00 5.300961153384061042e+00 1.363097717260712898e+02 5.702775330396475510e+02 2.597673207849419441e+02 3.939207048458149529e+01 7.229875851021225763e+00 3.337004405286343456e+00 1.270524629555466634e+00
9.868000000000000327e+00 1.323043809523809671e+02 6.857874285714285634e+02 1.638441904761904766e+02 2.024723809523809592e+01 5.392000000000000348e+00 2.778666666666666618e+00 1.583809523809523778e+00 3.520571428571428463e+00 2.229104761904762100e+01 3.133586666666666929e+02 5.211533333333333076e+02 1.324801904761904723e+02 2.119142857142857039e+01 5.276952380952381283e+00 2.533523809523809511e+00 4.528571428571428470e+00 1.334933333333333394e+01 1.607958095238095382e+02 5.952156190476190432e+02 2.034803809523809548e+02 3.475276190476190408e+01 6.741714285714285992e+00 2.941523809523809430e+00
1.112469437652811727e-01 2.276283618581906865e+00 3.283924205378973227e+00 4.344743276283618449e+00 5.067542787286063444e+00 7.691625916870415303e+00 5.677475550122249359e+01 9.443716381418092851e+02 4.773838630806845895e-01 2.966992665036674914e+00 4.320293398533006979e+00 4.988997555012224971e+00 6.125916870415648141e+00 7.803178484107579749e+00 3.000067237163814298e+02 6.972322738386308174e+02 8.233496332518337457e-01 4.500000000000000000e+00 4.678178484107579749e+00 5.063875305623471768e+00 7.338019559902200228e+00 5.549022004889975790e+01 8.866931540342297922e+02 5.933496332518337368e+01
3.194517659462309256e-01 1.301001581444386046e+00 1.954665260938323712e+00 4.224037954665261552e+00 5.057459146020032215e+00 1.499947285187137602e+01 5.197416974169742332e+01 9.441697416974170665e+02 6.336320506062204094e-01 2.221929362150764309e+00 4.363205060622035170e+00 3.319451765946231259e+00 3.497627833421191657e+00 8.005798629414866241e+01 9.292345809172378495e+02 6.715867158671586790e-01 1.818133895624670648e+00 3.860305745914602404e+00 4.614654717975751552e+00 1.954138112809699734e+01 9.233310490247760072e+02 6.940484976278334273e+01 1.150764364786505123e+00 2.788613600421718797e-01
1.038696537678207715e-01 2.504684317718941067e+00 2.694093686354378736e+00 4.023462321792261065e+01 4.647633401221996223e+02 4.563938900203665980e+02 5.601221995926680108e+01 7.979633401221996047e-01 6.448065173116089843e-01 2.569450101832994093e+01 7.922761710794297869e+02 1.936826883910387096e+02 9.465173116089612648e+00 1.291242362525458320e+00 3.661914460285132789e-01 8.391038696537678199e-02 6.155112016293278998e+01 9.226839103869654082e+02 3.161751527494908487e+01 3.294093686354378825e+00 2.054175152749490696e+00 1.810183299389002132e+00 4.415478615071283253e-01 5.213849287169042973e-02
2.106905710491367767e+00 2.529880478087649376e+00 2.803452855245683661e+00 2.444223107569720721e+00 2.612881806108897642e+00 5.600929614873837892e+00 6.581938911022575667e+01 9.400823373173969912e+02 1.017264276228419639e+00 3.123505976095617420e+00 3.449535192563080610e+00 3.784860557768924050e+00 1.796746347941567024e+01 8.971746347941566455e+02 9.553120849933598890e+01 1.951527224435590790e+00 2.612881806108897642e+00 5.762948207171314507e+00 8.366533864541832344e+00 1.077974767596281396e+02 8.215385126162018423e+02 7.307237715803452716e+01 3.393094289508631789e+00 1.456175298804780693e+00
9.538164301523238464e+02 3.594935555266241067e+01 5.283817211300611660e+00 2.425517510740788651e+01 1.150240854055461392e+00 7.164431714620491665e-01 4.787137091524540367e-01 3.167556307772425028e-01 9.351908605650305617e+02 7.218994922536127490e+01 8.185132144252049713e+00 3.032808228095299707e+00 1.760578049733107608e+00 8.238510610597578054e-01 2.800416612420257301e-01 5.037104543679208346e-01 9.508908996224448629e+02 5.554211691186043254e+01 7.966020049472724018e+00 3.529618539252701304e+00 2.034630907433927494e+00 9.781278479364665657e-01 4.505923707850539861e-01 5.749251399557349096e-01
1.808812260536398542e+00 3.486973180076628598e+00 2.404980842911877303e+00 1.875478927203065194e+00 9.216858237547892685e+00 4.697406130268199149e+02 5.320436781609195123e+02 3.226436781609195670e+00 2.694636015325670542e+00 1.860919540229885039e+00 8.024904214559386517e+00 3.734360153256704962e+02 6.284375478927203176e+02 8.552873563218390984e+00 4.363984674329501878e-01 3.605363984674329614e-01 3.056321839080459846e+00 2.949846743295019280e+01 9.464501915708812021e+02 4.197126436781609016e+01 1.329118773946360132e+00 6.007662835249042432e-01 5.659003831417624975e-01 3.318007662835248950e-01
1.121503901895206212e+02 6.560128205128205536e+02 1.794041248606466183e+02 3.946900780379041151e+01 1.615027870680044586e+01 8.991192865105908538e+00 5.159754738015608133e+00 4.514827201783723432e+00 6.523790412486064838e+01 6.105971014492753284e+02 2.517654403567447048e+02 5.314459308807135329e+01 2.027993311036789237e+01 1.050769230769230766e+01 6.017837235228539861e+00 4.301895206243032455e+00 1.178440356744704616e+02 5.215903010033445071e+02 2.826099219620958820e+02 5.722084726867336002e+01 2.220356744704571028e+01 1.022664437012263150e+01 5.524414715719063729e+00 4.632664437012262937e+00
4.412338858195211344e+01 3.675058597019922786e+02 4.209611585467938539e+02 1.283464758078017667e+02 3.531943746860874001e+01 1.335107985936715203e+01 6.678469780679725076e+00 6.623890842122885481e+00 1.521421396283274596e+01 2.121460739996651341e+02 4.600190858864891652e+02 2.331301690942574680e+02 6.550535744182153053e+01 2.060405156537753157e+01 8.815251967185668391e+00 7.475556671689267851e+00 3.259911267369830767e+01 3.196701824878620073e+02 4.377092750711535132e+02 1.568622970031809700e+02 4.578419554662648494e+01 1.609392265193369909e+01 7.482923154193872328e+00 6.707852000669679349e+00
4.328494290519606658e+00 3.045897140833849548e+01 1.969820306276002384e+02 4.863357528547401785e+02 2.359730016818624279e+02 4.901354341860670871e+01 1.236823935558112808e+01 6.627954324156855925e+00 1.967336461007346937e+00 1.199309551208285285e+01 6.168912100557670186e+01 3.056646012215632595e+02 4.309043108789944085e+02 1.641333097282464450e+02 3.547251482694520774e+01 1.026369832698946638e+01 2.175710365583783279e+00 1.408666017526777026e+01 8.502000531114454418e+01 3.494016995662565250e+02 4.201448172081083499e+02 1.160124811896963735e+02 2.571992564397627490e+01 9.526688501372046147e+00
3.815113719735876430e-01 4.098019075568598346e+00 5.733088774761554873e+00 6.385179750550256550e+00 7.913719735876742156e+00 4.324827586206896513e+01 9.025034482758620697e+02 5.276478356566397565e+01 4.410858400586940564e-01 4.060748349229640120e+00 5.647835656639765389e+00 6.376669112252383975e+00 7.743066764490095011e+00 6.287072633895817830e+01 9.219997065297138761e+02 1.388818782098312532e+01 1.395744680851063846e+00 4.535876742479823420e+00 5.299339691856199686e+00 6.621276595744681082e+00 4.733573000733675684e+01 3.828826118855465666e+02 5.631596478356566422e+02 1.179779897285399848e+01
5.793470868283835395e-01 1.453978689639537469e+00 2.268306506461120087e+00 3.384493312174110091e+00 4.774087508501473565e+00 8.788029925187032632e+00 3.000952165041940489e+01 9.718426660621174733e+02 4.690546361369303807e-01 1.279528451598276995e+00 2.548968487871230870e+00 3.287349807299932092e+00 5.038766719564724106e+00 8.449104511448650712e+00 1.864905917025617654e+01 9.833785989571525761e+02 8.177284062570845391e-01 1.472001813647698887e+00 2.509635003400589426e+00 3.496145998639764052e+00 5.592269326683291908e+00 9.171163001586942087e+00 3.839582861029244754e+01 9.616456585808206228e+02
8.036002939015430613e+00 1.097979426891991181e+02 3.940456597039991493e+02 3.570592001679437431e+02 1.216845806654770712e+02 2.241796998005668229e+01 5.387740107064133532e+00 4.485987194289912772e+00 1.714915503306392530e+00 2.985567334942794204e+01 2.722508659599034218e+02 5.418768762464574138e+02 1.392742731185053060e+02 2.589293586648472711e+01 7.003253909940170274e+00 5.046289493019838979e+00 5.266505720583604777e+00 8.861446415450824077e+01 5.563701060144851454e+02 2.985628214548126493e+02 5.287446205521150944e+01 1.235887477694972247e+01 4.688674294111472740e+00 4.179174976382912021e+00
