1.554503249758084849e+00 3.950789229324442431e+00 9.192014856066691664e+00 1.024254410399229727e+02 8.252209842153297359e+02 7.335691736304571009e+01 4.075951717739329183e+00 1.115506035281967456e+00 1.276323119773721260e+00 3.494521819875700430e+00 7.083565459602539249e+00 6.845385329620262382e+01 8.877197771586772888e+02 4.788077994428723372e+01 3.310306406684262015e+00 1.672980501395201713e+00 1.601671309201478266e+00 3.095821727005443336e+00 6.382915506025653940e+00 1.018913649025045629e+02 8.282302692665080031e+02 7.476973073352161236e+01 2.863695450328307857e+00 2.056638811504285513e+00
9.491159932756499984e+01 2.917600718798658477e+02 2.991076459335906748e+02 1.717407106834324679e+02 8.347747956640694156e+01 4.015894730740787821e+01 2.165364326704958842e+01 1.759127007133413656e+01 2.152831719901560348e+01 1.235319691612117765e+02 2.615553301257772318e+02 2.865988058663527909e+02 1.768056344559817035e+02 8.443487334066882966e+01 4.043093154022325564e+01 2.551550634744172896e+01 2.914735377659972926e+01 1.644486116746725770e+02 2.877411164570040683e+02 2.466484261782262593e+02 1.460111877572314256e+02 7.660176221668632479e+01 4.152257840125878374e+01 2.828033157496229677e+01
5.354258019719964068e-01 1.267135933507859136e+00 2.017193630290790907e+00 3.098315255029831405e+00 4.392684052636568026e+00 8.133279483042372249e+00 2.770759289176022833e+01 9.759916916684333046e+02 4.234941149332343002e-01 1.180129240726216722e+00 2.352180936978470527e+00 2.956612047085314998e+00 4.637202861770191475e+00 7.883337179769753789e+00 1.753542580199420797e+01 9.861749365337109339e+02 7.602123240396281290e-01 1.359912300972951016e+00 2.350103854130594527e+00 3.198592199433676342e+00 5.180936995176210758e+00 8.690283867993244371e+00 3.484756519732215452e+01 9.667557119778165315e+02
7.837024696184272443e+00 1.306827714621678069e+02 5.833946491571409751e+02 2.402608780870455405e+02 4.302009016073505876e+01 1.030135241082479070e+01 4.047138377088046468e+00 3.091924735422608705e+00 2.276460211687904689e+00 2.148069384556683303e+01 2.336716973735898932e+02 5.514638377106402913e+02 1.711962955703644411e+02 3.013661309289209100e+01 7.782732261879345970e+00 4.627499019981627271e+00 3.870736965911447669e+00 4.227136417093601040e+01 3.325554684437353217e+02 4.534065072520363628e+02 1.455223441787534000e+02 3.244021952175952350e+01 7.879851038811338526e+00 4.689337514681966468e+00
7.264483627204157301e+00 1.056985726280439764e+02 3.580940386230327022e+01 3.004970612930296170e+02 4.581880772460195317e+02 4.497816960537385000e+01 7.039042821158722063e+01 7.220822837726359467e-02 2.938623005877497718e+01 8.100386230058779802e+02 1.749420654911839108e+02 5.187237615452460204e+00 1.855583543239788469e+00 4.172963895865251516e-01 1.050377833752335732e+00 2.099076406487654367e-02 9.677145256087487724e+02 4.587741393787035804e+01 4.120906801011813059e+00 3.078925272877739872e+00 8.958858102434987813e-01 8.463476070554065700e-01 3.618807724608501530e-01 2.518891687756763531e-03
9.861860964205641267e+01 6.002706369281344223e+02 2.511803479727054764e+02 4.598497738944496405e+01 1.418732275620855887e+01 6.722081704612435260e+00 3.255307733566837669e+00 3.167548095378890594e+00 2.254012416647851325e+01 3.785598988272886345e+02 4.782012723231146651e+02 1.055704759714801355e+02 2.258021000997666761e+01 8.669502567624533640e+00 4.073656779357563096e+00 3.191691576589761326e+00 5.833885184334454266e+01 5.881574308270793381e+02 2.965659538591127671e+02 5.100988733045542745e+01 1.629209780028506316e+01 6.693186173070060363e+00 3.499655093117070237e+00 2.829769295602829970e+00
7.666952054797775418e-01 2.946061643840408806e+00 6.272260273968356614e+00 8.920376712324241453e+00 5.585231164383338154e+01 9.078214897260340877e+02 3.686772260273692581e+01 4.553082191778102583e+00 4.738869863027019846e-01 2.759845890402743862e+00 6.018835616447887560e+00 1.110573630137776036e+01 3.233621575342493202e+02 6.528197773972451614e+02 2.439212328767034421e+01 3.067636986298467150e+00 2.237157534242982138e+00 5.363869863005334082e+00 6.798373287669704723e+00 5.207619863013469796e+01 8.618458904109834293e+02 8.889554794520540781e+01 5.336044520549926062e+00 1.446917808219282620e+00
3.541247484901077769e-01 1.996378269623335200e+00 3.644265593555672922e+00 6.531589537218508212e+00 4.505030181083697016e+00 4.065191146881147688e+00 4.925352112675757610e+01 9.535983903420928982e+02 5.581488933620164516e-01 3.571026156932418871e+00 6.989939637837466080e+00 3.729979879284087474e+00 5.095372233399331208e+00 2.027203219316139382e+01 9.301388329979727132e+02 5.359315895372319005e+01 1.397987927561658239e+00 6.436217303813720036e+00 5.266398390339531943e+00 4.506639839031748807e+00 6.156498993963781174e+01 7.285895372233434273e+02 2.129022132796819164e+02 3.284507042253622444e+00
2.229741923830488304e+00 7.557661071992157531e+00 6.761631474462072333e+01 8.560772423749785958e+02 7.816657643024484514e+01 5.064248330630320538e+00 1.566865186794430542e+00 1.008843169103471382e+00 1.992420140765105430e+00 6.172351561096007799e+00 5.025410575708269789e+01 8.939189676952985337e+02 5.998159177044180979e+01 4.195813030129158960e+00 1.626782169282549262e+00 1.145461108106118786e+00 1.956506045849678799e+00 5.697888467773196908e+00 9.007760332069619835e+01 8.368393791733802800e+02 7.649034470313060297e+01 4.848763761057284682e+00 2.009023641945901772e+00 1.367984118380263681e+00
9.282863370098482392e+00 5.179668982424843193e+01 2.354611769513526269e+02 4.409637651545867811e+02 2.031821958861396524e+02 5.553534940744099657e+01 1.613227080777754452e+01 9.481405803056688342e+00 3.587317804129881438e+00 1.834784089361465931e+01 7.752887889931571408e+01 2.791033237978635384e+02 4.066879852880134649e+02 1.769154747309496258e+02 4.478940198884217239e+01 1.487549380191742898e+01 3.524519820180003649e+00 2.049032829319756388e+01 1.020226127230515374e+02 3.156614221495997299e+02 3.809955728102706871e+02 1.410338509739851247e+02 4.162627707397272303e+01 1.648113336055770617e+01
7.703399617591368269e+02 1.855369024856587998e+02 3.323505417461686307e+01 1.390707456980958057e+01 7.229063097530257664e+00 4.555258126200115498e+00 3.211727214776530559e+00 1.852899936281303894e+00 5.030483110260834110e+02 3.848006373486468306e+02 8.036379859782890378e+01 2.569063097512918148e+01 1.309420012748036299e+01 6.425876354353135866e+00 3.802549394531411053e+00 2.641937539832198922e+00 5.732220522626287220e+02 3.141608667941206932e+02 7.194123645633258946e+01 2.995538559594768913e+01 1.471000637350780949e+01 7.159847036332266157e+00 4.458381134489236786e+00 4.260165710628754709e+00
9.666203059775000384e-01 2.915159944371225720e+00 6.599095966612509301e+00 5.245827538242053834e+00 5.894645340750329865e+00 3.857892906814754497e+01 9.190608484005830405e+02 4.473887343532427252e+01 1.340751043118345365e+00 3.082406119598800842e+00 7.914464534087841230e+00 5.783727399174523498e+00 2.863421418636799842e+01 8.663849095966446612e+02 1.093755215577185140e+02 1.484005563277349893e+00 4.520166898466158045e+00 5.285118219738251355e+00 6.807719054237793443e+00 2.867837273991409575e+01 8.965424200278418994e+02 7.665403337969493691e+01 4.971488178025104787e+00 5.406815020863291466e-01
1.630875047763083785e+00 3.022927015673019469e+00 2.479556744357012121e+00 8.076805502483782107e+01 4.570485288498459227e+02 4.259071455865556004e+02 5.153037829575630013e+01 7.076805502455982833e-01 7.642338555620682428e-01 2.468475353457381516e+01 8.083618647305909235e+02 1.790706916316381978e+02 8.601834161252838840e+00 1.189529996179999216e+00 3.435231180732074563e-01 7.871608711830901939e-02 7.000955292319517298e+01 9.170802445548649757e+02 2.891937332823732731e+01 2.978219335114090427e+00 1.946503630119394757e+00 1.698127627056948086e+00 4.142147497136505763e-01 4.891096675592621068e-02
7.673952879580701847e+01 7.357171320535883297e+02 1.777921756835369251e+02 2.155831879000771778e+01 6.394269924389291759e+00 2.440226876095579200e+00 1.543048283880906979e+00 9.450261780215356566e-01 7.289557882484089646e+00 2.070507562536374735e+02 5.775250145433167290e+02 1.930887143688233323e+02 2.812696335079429844e+01 5.850930773693960418e+00 2.596858638750575210e+00 1.600930773708611810e+00 5.807446189657014202e+00 1.726358347876704897e+02 5.861871727749150978e+02 2.151169284467689238e+02 3.173923792904757590e+01 6.879872018618840457e+00 3.018470040728502113e+00 1.744764397892225816e+00
2.811156601846590775e+00 7.207267144321008345e+00 1.140634595701152421e+01 5.330092118727151274e+00 2.117604912998717737e+01 2.785035823950906888e+02 6.819288638689706659e+02 1.537461617195248209e+01 3.023541453428038039e+00 2.941146366423424752e+00 4.432958034806688374e+00 2.311412487206365540e+01 9.526038894575360700e+02 3.522364380757348101e+01 1.825486182189493434e+00 5.731832139189094733e-01 3.557830092115551679e+00 3.368986693955548617e+00 7.090071647902200880e+01 9.012917093142616523e+02 4.067502558853632877e+01 2.296315250770561533e+00 1.303480040944592133e+00 3.439099283522040196e-01
9.542871881939440755e+02 3.568656131642273976e+01 5.274258848111685438e+00 2.405289277786664570e+01 1.143528797195344282e+00 7.181663837063467781e-01 4.802141830902542097e-01 3.177484654722064761e-01 9.358812850987088723e+02 7.158652213660751329e+01 8.118453702480167067e+00 3.022071307296357645e+00 1.753297636160993989e+00 8.140263810763030961e-01 2.796134256369953164e-01 5.052892777828503768e-01 9.512758260416134135e+02 5.517761525400680966e+01 7.966435940957637740e+00 3.530886770306381095e+00 2.021548909516667436e+00 9.608201645587115536e-01 4.506987070744798984e-01 5.767271777305182923e-01
9.418284205894633487e+01 8.370600087990735574e+02 7.668174219092055921e+01 7.669599648036154349e+00 3.191289045333817853e+00 1.546854377480627818e+00 8.393312802253660720e-01 9.897052354002084940e-01 4.882173339199468387e+01 8.653636603606137214e+02 9.243827540694117317e+01 8.330664320300257941e+00 3.552133743963537427e+00 1.738759348862913612e+00 9.616366036350001423e-01 9.545094588497562427e-01 8.858099428068649672e+01 8.267751869776387821e+02 8.955415750108971906e+01 9.655257369153815716e+00 3.774835019821892956e+00 1.722481302247174995e+00 1.010822701271024471e+00 1.087637483482268408e+00
5.557752110160436132e+00 1.727593291870250596e+02 7.129680142158397302e+02 1.080250999555709797e+02 1.388804975568081090e+01 4.032985339854377571e+00 2.350066637034743167e+00 2.471123944934333849e+00 3.455242114616893900e+00 1.010654153709406557e+02 7.265744113726971136e+02 1.605022212350060897e+02 1.937772101289438353e+01 5.610617503318110266e+00 2.566192803217489882e+00 2.900599733444579442e+00 1.261250555310127197e+01 1.534780097734254696e+02 6.556845846291591897e+02 1.717869835628595183e+02 1.816792536652614842e+01 5.201466015107811813e+00 2.495335406490596597e+00 2.625610839609720415e+00
2.522144522065730143e-01 4.109790209779959014e+00 6.244522144509176087e+00 7.135897435895770968e+00 9.199766899774203921e+00 5.108251748251522883e+01 8.455524475524845229e+02 9.972913752913785856e+01 2.442890442892746705e-01 3.961771561770746075e+00 6.175757575755937978e+00 6.867599067596387385e+00 7.849650349656457138e+00 3.934685314685303581e+01 9.339172494173126324e+02 2.494312354311810509e+01 8.142191142248407232e-01 4.467365967350389155e+00 5.295104895096784503e+00 6.740093240103561811e+00 1.012867132868706221e+01 7.947365967366152972e+01 8.970230769231286558e+02 1.936410256410267294e+01
7.020327964010868982e+02 2.996399651719574990e+02 1.469206210998189022e+01 3.245827891470895565e+00 1.854592947337806663e+00 8.004643738258181429e-01 4.820780728429525652e-01 5.092149180203051628e-01 1.225514439123484749e+02 7.582001160933684787e+02 1.237853722246515531e+02 1.191191409082574637e+01 3.682919750409411108e+00 1.557974169194167757e+00 9.200406327174732724e-01 6.472210129177256022e-01 2.225488318096221860e+02 7.132767377739676249e+02 7.092961834275773469e+01 9.151356842285110815e+00 3.882455376599324381e+00 1.689595124078266508e+00 8.833260775000013609e-01 8.950805398208103725e-01
1.383482944342176779e+00 4.179892280077581290e+00 9.482585278269425544e+00 1.219608617594251854e+02 8.136186714542411664e+02 6.720251346499128431e+01 4.194614003592789686e+00 1.356912028722504715e+00 1.374506283665155593e+00 4.633752244154067057e+00 2.643842010773050788e+01 6.295396768402149519e+02 3.454053859964157027e+02 1.264596050269516070e+01 2.099102333930844111e+00 1.242728904842635984e+00 2.537881508075088277e+00 2.026858168760233525e+01 1.678082585278274621e+02 7.044689407540747652e+02 1.191486535008976375e+02 5.797845601439348684e+00 1.896229802513403229e+00 1.453141831238880854e+00
2.880712166167086252e+00 7.589881305638304809e+01 5.623525222551995739e+02 3.568890207715238034e+02 1.346587537092106857e+01 3.295252225521196010e+00 1.688427299706489748e+00 2.392284866465985260e+00 6.377744807125225179e+00 3.842047477744790740e+02 5.852955489614100770e+02 3.268160237389599843e+01 4.982195845700999826e+00 2.277448071213157732e+00 2.506528189910042670e+00 5.370919881252547157e-01 3.514629080118344717e+01 8.795314540059765704e+02 8.945845697329681911e+01 7.256379821956471687e+00 3.474480712179229158e+00 2.353709198816247294e+00 1.291691394657291880e+00 3.504451038576661404e-01
1.633887586156463101e+01 3.977097989055252469e+01 9.579108931995793341e+01 2.118757194628211096e+02 3.073987778014241599e+02 2.209710793718536479e+02 9.181382789739259920e+01 3.696539472751406663e+01 5.400127904512316945e+00 1.728693242380143147e+01 4.247111490085421792e+01 9.938890073188419194e+01 2.314018332978165802e+02 3.407645136075992127e+02 2.085131812690937068e+02 7.569914019754240542e+01 6.997228735876419137e+00 2.171335180847506763e+01 4.486754778652883147e+01 1.088831095004787244e+02 2.356872735024745111e+02 2.983022809634881582e+02 2.049396717118180788e+02 9.953528032401624159e+01
1.126304426026365491e-01 2.521770421020335107e+00 3.528247571061086774e+00 4.236056135295029890e+00 5.369557394744802536e+00 8.277797768981926652e+00 4.275710687297378598e+01 9.571047139259148935e+02 4.839870457026478334e-01 3.077365958966822745e+00 4.490464195766378452e+00 5.303706369206423688e+00 6.433969053617090594e+00 7.799208348327866247e+00 1.388927671824388881e+02 8.574264123785291076e+02 9.089600575708089991e-01 4.827635840219301144e+00 5.186038143213039575e+00 5.326736236053676521e+00 7.620007196842408348e+00 8.953292551277431244e+01 8.334138179201487446e+02 7.709175962576472330e+01
9.189546807769204406e-01 1.687065828648712795e+00 2.108501488578440330e+00 3.353622229567548629e+00 3.106847502482239065e+00 3.868011908701248558e+00 3.459080383724793961e+01 9.743661925240262462e+02 7.595104201158164869e-01 2.408534568297056921e+00 4.034402911025694038e+00 3.401587826671544690e+00 8.876612636455604388e+00 4.231885544161291364e+02 5.800906384386408945e+02 1.240158782660799375e+00 1.998676811112815699e+00 4.375785643388582002e+00 5.186900430031528231e+00 4.837380086007040347e+01 9.179741978167641037e+02 4.329242474363503845e+01 2.340390340720460927e+00 4.578233542839313941e-01
6.580086580039790078e-01 3.795299938156404096e+00 4.882807668512157306e+00 4.535250463815913236e+00 5.845083487942901002e+00 4.920810142238507012e+01 9.241419294991038669e+02 2.990445269016424845e+01 7.869511440977987604e-01 3.915893630168170603e+00 4.693568336433060040e+00 4.981447124313774566e+00 6.781385281388168096e+00 2.215692640692619761e+02 7.748385899814411459e+02 5.403834260971663639e+00 2.216759431044820872e+00 4.511131725404595727e+00 4.963821892387699108e+00 5.936920222632011246e+00 4.241651205937490943e+01 8.964087816944551150e+02 6.561038961038968864e+01 9.066171923315806680e-01
1.414421553083855088e+00 2.144506075012913016e+01 2.170324881141078208e+02 6.520356576861928488e+02 1.050707871104069824e+02 1.560116217644106484e+01 4.718436344430443796e+00 5.431061806653204371e+00 2.084257791868083132e+00 5.690993132592799952e+01 5.294017432646459156e+02 3.818151082937042702e+02 3.581405176967950865e+01 8.614368726884165994e+00 4.142630744848503355e+00 3.966983623873545639e+00 1.618700475435771580e+01 1.598758584257820416e+02 6.507942419439916648e+02 1.635668251452720767e+02 1.962123613313498538e+01 5.886687797150599977e+00 4.340200739564899379e+00 2.477020602218090062e+00
1.570833333337134263e+00 2.644047619047142916e+00 2.934523809526552895e+00 4.708928571425815335e+00 5.777976190473609108e+00 1.351547619047354942e+01 9.506160714285729227e+02 4.223214285714083616e+01 2.471428571427253473e+00 3.118452380951708847e+00 3.611309523812451516e+00 5.194642857148949133e+00 4.646666666666627066e+01 9.555553571428414443e+02 6.681547619046753539e+00 9.005952380959882930e-01 5.470833333330659798e+00 5.119047619045261399e+00 1.876190476191021617e+01 9.334773809524127728e+02 5.318214285714284983e+01 5.639880952383720114e+00 2.002976190478520380e+00 3.458333333334451254e-01
1.725467735775509937e+00 3.076746849948904128e+00 2.063001145468604136e+00 1.822069492167372573e+00 1.075143184421251874e+01 4.748972890416249584e+02 5.261863306605416710e+02 3.282168766702085350e+00 2.593356242842858705e+00 1.899198167229059209e+00 8.607101947319392821e+00 3.788938526155073419e+02 6.222978235968048466e+02 8.668957617413866501e+00 4.898816342106044885e-01 3.543337151541265939e-01 2.962199312710950494e+00 3.142688048872793161e+01 9.452714776632174107e+02 4.112943871706519872e+01 1.497899961826163917e+00 6.395570828591274903e-01 5.586101565485677156e-01 3.184421534938053355e-01
1.511247544203322946e+01 2.362982973148291421e+01 4.172331368695394360e+01 6.995350360182780491e+01 1.170456777996049738e+02 2.060355271774778885e+02 2.752064505566286243e+02 2.722860183366331626e+02 6.334315651600149977e+00 1.770857891290768293e+01 3.256188605107374201e+01 5.231630648329746691e+01 8.237000654878781347e+01 1.219387688277680297e+02 2.474931237721272055e+02 4.602698100851248455e+02 7.173542894574609363e+00 1.841650294694557033e+01 3.272986247543269656e+01 5.317387033399876373e+01 7.468680419123572278e+01 1.045517354289471541e+02 1.793839227242951324e+02 5.508765553372361410e+02
7.281082460997936323e-01 3.014296655596155006e+00 5.885882052579177071e+00 1.218330354862774811e+01 1.054483022721471883e+02 7.508041868776713272e+02 1.224421751340286590e+02 2.295455705897086318e+01 6.400306356927245588e-01 2.531784528972707449e+00 4.838652029615417405e+00 1.027674240490395619e+01 8.793770742915140204e+01 8.322272147051136244e+02 8.079142200663720530e+01 4.217258105689921877e+00 9.714066887965628894e-01 3.009701302001985823e+00 4.519274955315552234e+00 1.138549910646386820e+01 1.165261679857033243e+02 8.017010467193746308e+02 8.079371968343058086e+01 4.553995404645689860e+00
5.000779368325223118e+02 2.980836173596780441e+02 1.158325380595244951e+02 5.276732560782821224e+01 2.517121108840409249e+01 1.380243126562650957e+01 8.306180413530313444e+00 5.130765735079322098e+00 1.389552374460311057e+02 2.984967052942616874e+02 2.725485117018860137e+02 1.596940468075428328e+02 7.717030220405038676e+01 3.847239263802620712e+01 2.004112701659563811e+01 1.379368325380541194e+01 1.548311747330253070e+02 2.921232674392036301e+02 2.508193592365304880e+02 1.529189956827976573e+02 8.416666666668186281e+01 4.388854805726302288e+01 2.283083390139150026e+01 1.759316064529463830e+01
