N = 2, M = 8
array([[23, 23,  6],
       [ 9,  5,  8],
       [25, 27, 28]])

0.36363636363636365

N = 3, M = 8
array([[26, 23,  3],
       [10,  5,  7],
       [29, 23, 28]])

0.38311688311688313

N = 4, M = 8
array([[32, 15,  5],
       [10,  4,  8],
       [35, 16, 29]])

0.42207792207792205

N = 5, M = 8

array([[35, 10,  7],
       [ 9,  4,  9],
       [41, 11, 28]])

0.43506493506493504

N = 2, M = 16

array([[24, 11, 17],
       [11,  2,  9],
       [32, 12, 36]])

0.4025974025974026

N = 3, M = 16

array([[25,  5, 22],
       [11,  2,  9],
       [35,  7, 38]])

0.42207792207792205

N = 4, M = 16

array([[28,  5, 19],
       [12,  2,  8],
       [36,  6, 38]])

0.44155844155844154

N = 5, M = 16

array([[31,  1, 20],
       [11,  0, 11],
       [35,  8, 37]])

0.44155844155844154

N = 2, M = 32

array([[14, 10, 28],
       [ 4,  6, 12],
       [24, 21, 35]])

0.35714285714285715

N = 3, M = 32

array([[16,  8, 28],
       [ 4,  6, 12],
       [25, 18, 37]])

0.38311688311688313

N = 4, M = 32

array([[17,  6, 29],
       [ 4,  6, 12],
       [27, 19, 34]])

0.37012987012987014

N = 5, M = 32

array([[21,  3, 28],
       [ 5,  5, 12],
       [32,  7, 41]])

0.43506493506493504
