0.194597 0.479090 
0.136626 0.540135 
1.155159 0.982728 
1.710516 1.021271 
1.943185 0.487639 
0.498874 0.756141 
1.088551 1.019807 
1.418463 0.869920 
2.279587 0.582003 
1.246581 1.028924 
-0.226036 0.376703 
2.169189 0.648587 
1.277598 1.106632 
0.327137 0.794693 
0.152283 0.756129 
2.436719 -0.023827 
1.815197 0.874031 
1.779713 0.786713 
2.386994 0.205883 
1.286560 1.177823 
1.947549 0.605225 
0.696442 1.051374 
-0.031276 0.514575 
2.177444 0.369971 
-0.050420 0.222452 
1.117292 1.116186 
-0.190568 0.125016 
1.645090 0.832575 
2.168153 0.685312 
1.559986 0.941650 
2.228790 0.547056 
1.633228 0.908721 
1.223042 0.938077 
2.335266 0.065545 
-0.133739 -0.048659 
-0.214103 0.190118 
0.562141 0.750204 
2.392696 0.264297 
1.351553 0.997196 
1.150955 0.931083 
1.304750 0.911766 
1.470109 0.964672 
1.842225 0.584040 
-0.117167 -0.121728 
1.735599 0.737662 
0.608102 0.922031 
0.627404 0.901214 
0.419955 0.766484 
2.156469 0.537574 
-0.092102 0.376139 
2.420380 -0.012310 
1.993397 0.584809 
1.187692 1.063596 
0.345992 0.853774 
0.439584 0.762489 
2.271015 0.140830 
-0.338368 -0.103219 
0.644226 0.770053 
2.025293 0.592792 
2.390417 0.030273 
-0.205454 -0.206699 
1.869734 0.895766 
2.498546 0.098663 
0.851103 0.862322 
-0.258373 0.204300 
1.361124 0.867822 
2.570117 -0.019549 
1.698220 0.793057 
2.342072 -0.212608 
0.490391 0.899367 
0.453477 0.976473 
0.968259 1.095768 
2.285372 -0.263359 
2.378182 0.226759 
0.459093 0.821444 
0.329079 0.612224 
1.895748 0.823317 
2.357481 -0.115330 
2.495585 0.217265 
1.831950 0.861128 
2.191162 0.314307 
0.477320 0.719809 
0.386535 0.714320 
1.623202 0.967391 
0.751486 1.050419 
0.020338 0.719253 
-0.155948 -0.276873 
1.584107 0.941645 
2.200151 0.547540 
1.271591 0.935572 
2.060501 0.479452 
-0.132253 -0.182083 
1.627784 0.788755 
2.147367 0.484803 
1.925238 0.766920 
0.133669 0.392610 
1.829822 0.610584 
1.173389 1.044998 
2.393446 0.174109 
2.403130 -0.214353 
2.375219 0.253807 
0.095046 0.782152 
0.662534 0.926385 
0.215761 0.528311 
-0.194713 -0.270632 
2.275319 0.337889 
1.840857 0.729323 
2.455464 -0.175340 
1.355069 1.040722 
1.513653 1.035379 
-0.006477 0.299496 
0.408927 0.892651 
0.027225 0.558718 
-0.239550 -0.173207 
-0.186085 0.240406 
0.419773 0.885964 
2.234702 0.069973 
-0.324843 -0.190716 
2.319415 -0.189829 
0.375583 0.717995 
2.336911 0.133687 
1.884178 0.749855 
1.509361 0.823360 
2.460512 0.020990 
2.400720 -0.274876 
-0.112075 -0.219753 
0.896237 0.930857 
0.096207 0.462889 
1.388309 0.985077 
-0.043656 0.404706 
0.029797 0.651898 
2.119594 0.618371 
0.823861 0.929849 
0.113438 0.499488 
1.898409 0.751378 
-0.018918 0.076383 
1.041385 0.932117 
1.497063 0.936770 
2.391652 0.170022 
2.358301 0.399367 
-0.365333 -0.250157 
0.087727 0.519306 
2.356859 -0.241483 
0.037512 0.743334 
2.145647 0.368477 
0.012081 0.399883 
0.534775 0.779705 
-0.266081 0.152200 
0.308811 0.889493 
0.413124 0.988766 
1.107664 0.934041 
1.906957 0.898282 
1.856625 0.807275 
1.917147 0.576172 
1.227594 0.879820 
2.303196 -0.085140 
0.822712 1.048314 
2.235967 0.258456 
0.749523 1.127167 
1.212534 1.173718 
2.571144 -0.210341 
2.162336 0.202858 
-0.162296 0.094801 
2.411041 -0.085626 
0.400086 0.908320 
1.646189 0.754431 
0.494445 0.800082 
0.342943 0.730840 
2.271048 -0.207461 
1.072537 0.858228 
2.254311 0.431861 
2.339359 0.013921 
1.352041 0.912156 
0.008385 0.499492 
0.067175 0.688618 
2.298329 0.090914 
2.297849 0.527987 
2.370997 -0.259158 
1.828742 0.999000 
1.236058 1.050049 
2.113753 0.748004 
2.117559 0.342899 
0.192366 0.605376 
2.221380 0.132071 
0.281989 0.706900 
2.074819 0.550149 
-0.292352 -0.059801 
0.757127 0.999635 
0.322645 0.680360 
0.037806 0.531585 
1.060962 0.925746 
-0.100386 -0.048371 
-0.290717 0.175610 
0.273530 0.918570 
0.441994 0.755274 
0.579425 0.754724 
2.069092 0.321366 
1.046002 0.975604 
2.368994 -0.139536 
1.064458 0.917922 
0.331616 0.880199 
2.415430 -0.246048 
2.476019 -0.235342 
0.624055 0.805667 
2.445178 0.336244 
-0.183906 0.013599 
2.276822 0.549354 
2.249605 0.422259 
0.481048 1.007044 
1.768129 0.743707 
0.910168 1.165783 
1.939357 0.942312 
1.493195 0.911847 
0.554659 0.884392 
2.242258 0.522609 
1.978660 0.645778 
1.733767 0.684205 
1.906005 0.768214 
-0.361930 -0.161682 
1.465674 0.940389 
0.754535 1.116077 
0.213601 0.573170 
-0.258076 0.216290 
2.143781 0.547739 
1.044254 1.104869 
1.750481 0.713141 
1.316748 1.140571 
2.134063 0.208999 
2.485154 0.227714 
1.099943 1.197661 
0.033537 0.290693 
-0.149611 0.091737 
-0.110113 0.479238 
1.293170 0.838228 
0.229227 0.778333 
1.988633 0.489903 
0.057883 0.293873 
2.090132 0.457715 
2.187556 0.266205 
0.665490 0.986902 
2.584647 -0.201576 
-0.362009 0.033076 
2.207768 0.531928 
2.033823 0.543629 
-0.065485 0.605639 
1.607051 0.807841 
1.543251 0.858149 
2.053024 0.774896 
2.464613 -0.003183 
-0.039860 0.412315 
1.048008 1.163840 
2.253606 -0.122637 
-0.115685 0.513653 
1.217023 1.146829 
-0.299412 -0.121080 
0.740175 0.797649 
2.573010 -0.152152 
0.106276 0.776914 
2.375592 -0.040451 
2.295226 -0.295745 
2.311753 0.012675 
1.233260 1.054554 
-0.073297 -0.189479 
1.957241 0.877100 
2.311646 0.262782 
0.261862 0.682913 
1.865831 0.702980 
2.416297 -0.015251 
2.265320 0.400596 
1.494840 1.091341 
2.131914 0.477595 
2.307922 0.082629 
2.365949 0.321910 
1.176442 0.905413 
-0.310976 0.034471 
1.344635 0.916009 
-0.129835 0.474987 
1.878628 0.714580 
0.789524 0.982551 
1.997155 0.804273 
0.281532 0.649299 
2.045696 0.611669 
0.400758 0.915991 
1.143897 0.914440 
0.585585 0.934970 
-0.240939 -0.167056 
2.365112 0.454074 
2.323184 0.385574 
0.086707 0.753854 
2.198378 0.266352 
1.333233 1.167509 
1.346356 0.959571 
0.338150 0.835998 
0.035270 0.219011 
2.508077 -0.060415 
-0.038601 0.195362 
0.182929 0.507855 
2.288368 0.349554 
0.340192 0.828884 
0.355578 0.752358 
-0.307077 -0.115525 
1.789902 0.725421 
2.542184 0.037777 
2.549602 -0.074587 
0.494290 0.737197 
1.511160 0.795498 
1.007319 0.885967 
1.878115 0.649427 
-0.187360 0.453528 
-0.084014 -0.202915 
1.016576 0.906833 
0.149366 0.531738 
2.227586 0.215691 
0.151535 0.375876 
-0.042411 -0.121954 
1.899860 0.821026 
0.910616 0.991231 
0.808324 0.859858 
0.387624 0.900721 
1.599208 0.774788 
1.056737 1.003543 
-0.038274 0.178577 
1.333050 0.920484 
-0.089658 0.099229 
1.917839 0.748437 
2.306676 0.053150 
1.865319 0.783793 
1.505150 0.785016 
2.007997 0.764080 
0.228034 0.744404 
2.387379 0.320171 
0.968675 1.183235 
-0.111802 0.193665 
1.850241 0.946301 
2.208209 0.490332 
2.194515 0.329397 
1.535725 1.076516 
1.409366 0.858433 
1.275354 1.083935 
-0.306111 -0.254022 
1.844472 0.680395 
0.690240 0.845066 
-0.181881 0.251596 
0.457376 0.810814 
-0.238150 -0.163064 
1.175692 1.141179 
-0.361420 -0.141718 
1.439423 1.016960 
2.021779 0.447631 
2.190210 0.419140 
0.079982 0.670682 
1.997295 0.638198 
2.051256 0.837500 
0.680623 1.118696 
1.070762 1.121578 
2.347971 -0.030271 
-0.070886 -0.262579 
2.286092 0.596040 
2.005182 0.827996 
0.309299 0.790149 
2.221020 0.645935 
-0.010088 0.660834 
2.420814 0.008876 
2.229028 0.591030 
2.096836 0.721854 
-0.165317 0.178280 
0.804018 0.901565 
2.300089 0.382407 
1.678081 0.936452 
0.228696 0.808340 
-0.220502 0.277619 
1.169611 1.111386 
1.580822 0.961432 
-0.067551 0.555655 
0.659494 0.970224 
0.456911 0.921820 
2.365031 -0.081688 
0.513865 0.876133 
1.106231 0.954180 
0.963000 1.003200 
1.004607 1.168839 
-0.232565 -0.197790 
0.790850 1.005885 
-0.277061 0.283435 
1.014090 1.042013 
-0.056271 0.615792 
2.253743 0.609035 
0.164634 0.435210 
2.292191 -0.229084 
1.037202 1.067869 
-0.369646 -0.018603 
2.014618 0.755032 
1.469914 0.971679 
-0.057476 0.173999 
1.032914 1.037826 
1.730283 0.699422 
1.901666 0.755928 
2.335965 0.249653 
2.099268 0.555934 
1.271314 0.921093 
2.396314 0.412606 
0.063954 0.507996 
-0.222325 0.403654 
2.145965 0.247366 
1.610074 0.894704 
0.817753 1.142572 
2.314569 -0.191204 
2.118969 0.782511 
0.463352 0.994322 
2.304523 0.478370 
-0.075008 0.127774 
0.385791 0.994106 
2.175167 0.695326 
1.578078 1.110568 
2.479808 -0.215322 
0.181116 0.574330 
1.002512 0.918606 
0.933228 1.172526 
2.238198 0.475412 
0.321957 0.666266 
-0.351520 0.064971 
1.666223 0.822016 
-0.132942 0.525934 
1.444187 0.998266 
0.242681 0.611532 
-0.364270 -0.178796 
1.962457 0.733025 
1.857223 0.828895 
1.756293 0.946532 
0.028285 0.171581 
1.590559 0.789496 
2.394101 -0.182706 
2.081836 0.357038 
0.719321 0.935873 
1.072669 1.021794 
2.141276 0.592153 
0.675257 0.822491 
0.589883 0.937670 
1.675900 0.718096 
2.402213 -0.103641 
0.175742 0.607040 
1.119587 0.945843 
0.827712 1.018874 
1.671111 0.997778 
1.660144 0.950712 
-0.307210 0.152580 
2.528825 -0.006015 
2.036160 0.527624 
1.448338 0.898448 
0.461934 0.874000 
0.513295 1.044319 
0.207865 0.474330 
0.076526 0.440405 
0.140101 0.687966 
2.148792 0.508145 
2.420419 0.088697 
2.268616 0.184322 
1.409867 1.055217 
1.222559 1.139738 
2.367350 0.167251 
2.096779 0.707683 
2.253735 0.397621 
-0.328300 0.048438 
1.290964 0.987024 
0.356950 0.861224 
-0.285621 0.268009 
2.048205 0.435442 
2.275703 -0.194134 
2.502423 -0.273979 
-0.041766 -0.015991 
1.933614 0.826316 
-0.120829 0.198947 
0.147194 0.393142 
2.214859 0.627503 
1.932552 0.833775 
1.046069 1.023116 
2.379411 0.482882 
1.128370 1.099487 
2.505866 -0.096120 
1.764328 0.948676 
-0.072751 0.507736 
0.415809 0.904754 
1.673231 1.046793 
0.063373 0.566066 
2.173269 0.310935 
-0.072271 -0.299064 
1.836310 0.713823 
0.386626 0.818196 
1.471664 1.140993 
0.949530 0.910037 
2.312516 0.191074 
2.147601 0.724072 
2.218505 0.218716 
2.182437 0.280295 
2.287732 -0.228316 
2.408763 0.198164 
1.133366 1.175833 
2.366507 -0.256314 
2.371702 0.306087 
0.183698 0.399786 
1.351678 -0.442217 
-1.088515 -1.026552 
1.045225 -0.998472 
0.980179 -0.692945 
1.006940 -0.864976 
1.213139 -0.286126 
-1.015548 -1.086420 
-1.321881 -0.299018 
1.381589 -0.012717 
-1.297866 -0.546338 
0.359661 -1.220564 
-0.056614 -1.472881 
1.157005 -0.307432 
-0.915749 -0.842209 
-0.516938 -1.203984 
-0.456049 -1.213578 
1.184984 -0.903348 
-1.200493 -0.449453 
-0.424897 -1.426447 
0.514502 -1.094097 
0.006558 -1.326021 
-1.204802 -0.500378 
0.429645 -1.209026 
-1.118147 -0.517395 
-0.792349 -1.140985 
-0.410299 -1.276374 
-0.333358 -1.253504 
-0.811385 -1.260958 
-0.225206 -1.461193 
0.282863 -1.378066 
1.356686 -0.171726 
-0.663066 -1.254043 
1.262074 -0.414293 
-1.377804 -0.044481 
1.382886 -0.166689 
0.247620 -1.153362 
1.202823 -0.592414 
-0.306118 -1.243662 
-0.327732 -1.211968 
-0.710613 -0.957215 
-0.843614 -1.037210 
1.021063 -0.879501 
1.047317 -0.812676 
-0.028611 -1.201896 
0.102288 -1.371226 
0.222289 -1.321226 
-0.920607 -1.058140 
0.119215 -1.371196 
1.197892 -0.769081 
1.283393 -0.728000 
1.238817 -0.674023 
-1.172494 -0.442348 
-1.087421 -0.602967 
-1.233929 -0.132582 
-1.045636 -0.690414 
-1.171370 -0.556575 
0.718106 -1.142319 
0.768544 -0.954437 
1.310776 -0.149293 
1.178892 -0.146587 
0.190939 -1.271961 
-0.885542 -1.182861 
1.291516 -0.100926 
0.448288 -1.386617 
-1.194227 -0.060194 
1.335771 -0.634785 
0.339276 -1.454453 
0.327203 -1.350574 
0.769112 -1.268790 
0.270000 -1.199803 
-1.198900 -0.862774 
1.150171 -0.298372 
1.427176 -0.147244 
1.273311 -0.510468 
0.749152 -0.938995 
1.166402 -0.279319 
-0.377574 -1.402316 
-1.048092 -0.927886 
0.914146 -0.774066 
-1.410639 -0.159806 
1.141245 -0.315632 
-1.264895 -0.352140 
1.334568 -0.380013 
-0.055161 -1.265942 
0.681203 -1.224247 
-0.432868 -1.239326 
-0.902628 -1.156663 
-0.805345 -1.065755 
-1.216953 -0.074252 
-0.534929 -1.268700 
1.246806 -0.143244 
0.300674 -1.135543 
-1.207813 -0.483779 
0.454761 -1.265353 
-0.455998 -1.145505 
0.967222 -0.633095 
0.157123 -1.262277 
-0.419621 -1.104308 
0.212706 -1.353828 
-0.125919 -1.358963 
-0.098625 -1.366962 
-1.307313 -0.093935 
0.282375 -1.305692 
0.136320 -1.399905 
0.573395 -1.376218 
-1.098690 -0.741135 
-0.191725 -1.452396 
-1.151363 -0.898744 
1.158726 -0.351400 
1.353531 -0.473465 
0.895148 -0.952986 
-0.457769 -1.290541 
0.864549 -1.172840 
-1.271691 -0.220257 
-1.354795 -0.142621 
-0.386155 -1.416699 
-1.486585 -0.064649 
1.451719 -0.062858 
-1.140594 -0.199532 
0.398433 -1.333697 
-1.215709 -0.429844 
-0.707416 -1.249869 
-1.448318 -0.364137 
-0.849699 -1.068444 
-1.298820 -0.430809 
1.052359 -0.953728 
0.771543 -0.941764 
-1.413848 -0.154834 
-0.693593 -1.115449 
1.412334 -0.043996 
0.461711 -1.301446 
0.263894 -1.414625 
1.248794 -0.344376 
0.516384 -1.314059 
-0.282909 -1.255312 
-1.274044 -0.186531 
0.136126 -1.406994 
-0.657287 -1.174959 
0.487530 -1.376348 
0.030814 -1.366041 
0.528662 -1.335073 
-0.517465 -1.153319 
1.168140 -0.093641 
-0.557948 -1.102204 
-1.428763 -0.391962 
0.975307 -0.851186 
-0.809203 -1.129601 
0.317382 -1.293348 
-0.040869 -1.348615 
-0.761269 -1.207134 
-0.014631 -1.197696 
0.881371 -1.100564 
-0.250139 -1.374021 
-0.981905 -0.655306 
0.398173 -1.283331 
1.048788 -0.485272 
-0.854666 -1.135634 
0.729220 -1.095820 
1.035087 -0.724259 
0.857488 -0.902675 
0.975836 -1.005433 
-0.528163 -1.205578 
-0.530244 -1.330393 
0.975161 -1.118745 
-0.882817 -1.179011 
1.058434 -0.469612 
0.015661 -1.425607 
0.945897 -0.727105 
-0.137851 -1.162670 
-0.566877 -1.382461 
1.145821 -0.350141 
1.283945 -0.013373 
0.977397 -0.962208 
-1.301351 -0.517554 
1.036296 -0.659885 
1.312577 -0.703878 
1.053309 -1.028943 
1.173931 -0.368067 
-0.420391 -1.406358 
0.495976 -1.173666 
0.532541 -1.291710 
1.209173 -0.456106 
1.278255 -0.419773 
-0.498485 -1.414685 
-0.131890 -1.419606 
0.662846 -0.944040 
0.541988 -1.366584 
1.368406 -0.178069 
0.756805 -0.891435 
0.965518 -0.852924 
-0.574876 -1.132932 
-0.003674 -1.288205 
-1.044445 -0.933594 
0.881040 -1.172991 
0.958702 -0.719904 
0.486683 -1.141456 
-0.044597 -1.366719 
0.378916 -1.303157 
1.152517 -0.375262 
0.751385 -1.043166 
0.284085 -1.345603 
-0.705559 -0.929971 
0.936143 -0.714137 
-0.427349 -1.400647 
-1.397457 -0.259639 
-0.388031 -1.288181 
1.257425 -0.587706 
1.131712 -0.978694 
-1.140481 -0.928373 
-1.155173 -0.521984 
-0.776658 -1.092346 
0.064656 -1.271833 
-0.665408 -1.015044 
1.235009 -0.696790 
1.167726 -0.496496 
-0.091387 -1.313914 
1.204858 -0.081517 
-0.887566 -0.756170 
-0.619329 -1.083287 
-1.183389 -0.151681 
1.182710 -0.406164 
-0.461094 -1.111673 
-1.236277 -0.103806 
-0.827326 -1.012772 
-0.174142 -1.272215 
-1.034279 -0.507207 
-1.233881 -0.333252 
-1.200080 -0.346642 
-0.547963 -1.214259 
1.083807 -0.683037 
0.175568 -1.260251 
0.575270 -1.233076 
1.219060 -0.217607 
0.299589 -1.369572 
0.026867 -1.320476 
-1.192291 -0.889735 
-1.240223 -0.452389 
1.242353 -0.373332 
-1.079814 -0.622406 
1.199955 -0.175451 
-1.195863 -0.179354 
-0.840427 -1.200488 
-0.823338 -1.066241 
-1.221183 -0.164823 
1.443109 -0.021112 
0.787580 -1.265746 
-1.174756 -0.737888 
-0.991109 -1.089706 
-0.246433 -1.335035 
-0.958706 -0.770617 
-0.290309 -1.425303 
-1.357348 -0.302797 
-0.335629 -1.298857 
-0.659918 -1.243477 
-1.158743 -0.551632 
1.118484 -0.944211 
1.074808 -0.902222 
0.576471 -1.208895 
1.271479 -0.172343 
-0.377733 -1.438700 
0.224666 -1.267707 
1.111531 -0.480342 
-1.293810 -0.022583 
-1.181088 -0.355315 
0.705215 -1.235617 
0.538478 -1.395844 
-1.173059 -0.698721 
-0.743571 -1.152783 
0.943384 -0.892920 
-0.533461 -1.117784 
-1.004347 -0.941974 
-1.097416 -0.917388 
-1.364025 -0.603229 
1.217854 -0.478978 
-1.257606 -0.664600 
-1.128524 -0.480438 
0.080613 -1.217804 
1.326842 -0.591954 
0.206440 -1.459932 
1.259733 -0.240623 
-0.287520 -1.405148 
0.792077 -0.890485 
-1.140866 -0.505128 
1.226270 -0.049656 
1.425062 -0.292419 
1.247393 -0.096146 
-1.059829 -0.544329 
-1.156876 -0.628931 
1.266290 -0.699783 
-1.237613 -0.808846 
-0.741256 -0.921850 
-0.587852 -1.183540 
0.108025 -1.368036 
-1.183867 -0.516081 
0.975764 -1.041596 
1.193591 -0.668104 
-1.169017 -0.257010 
1.070101 -0.963340 
-1.095690 -0.734113 
-1.431398 -0.176347 
-0.917156 -0.838161 
-0.913756 -1.022637 
1.203196 -0.416668 
1.008085 -0.850671 
1.238690 -0.342896 
1.372777 -0.164019 
0.797594 -0.955244 
-1.334303 -0.168995 
-1.312352 -0.050190 
1.002667 -0.605103 
-0.361078 -1.145046 
0.353349 -1.284119 
0.097854 -1.365195 
-0.976966 -0.776631 
0.540618 -1.221655 
-1.193116 -0.334651 
0.817947 -0.998864 
-1.268646 -0.790200 
0.707101 -0.913626 
-1.284999 -0.769476 
-0.519122 -1.401200 
0.196299 -1.323302 
1.027422 -0.986729 
-0.183422 -1.235749 
-0.535740 -1.043072 
1.246764 -0.390066 
-0.116695 -1.272116 
-0.208860 -1.454483 
-1.446815 -0.028245 
0.661876 -1.171805 
-0.976550 -1.025776 
-1.163341 -0.028982 
1.366620 -0.407705 
-0.416737 -1.270934 
-0.048461 -1.357370 
0.966841 -0.700963 
-1.191336 -0.059452 
1.187265 -0.232822 
0.951243 -0.786422 
-0.276053 -1.340366 
-0.926866 -0.705921 
1.323273 -0.437472 
-0.086907 -1.451365 
-1.285555 -0.581598 
0.635062 -0.993830 
0.764746 -0.908670 
0.970372 -0.663482 
0.952042 -1.050840 
1.374259 -0.519631 
1.095248 -0.802376 
1.145513 -0.361517 
0.264448 -1.238358 
0.993208 -0.651119 
0.945139 -1.122038 
0.845404 -0.876954 
1.411526 -0.429600 
-0.246089 -1.242641 
-0.276693 -1.144544 
0.822117 -1.086095 
0.355474 -1.360288 
-1.192743 -0.180424 
0.179835 -1.168462 
1.176631 -0.514054 
0.146440 -1.322415 
0.410528 -1.380294 
1.113660 -0.929003 
0.750368 -1.084289 
-1.333233 -0.608598 
1.245857 -0.273613 
-0.371640 -1.181180 
0.727191 -0.893022 
1.364229 -0.372876 
-0.322329 -1.188306 
1.281977 -0.141170 
-1.464613 -0.087462 
0.038908 -1.151398 
0.786618 -0.956880 
-1.419139 -0.191036 
0.951702 -1.154872 
-1.254428 -0.729071 
0.386006 -1.109495 
-1.169547 -0.129185 
1.290735 -0.365804 
-0.849799 -1.164116 
-0.645844 -1.155117 
-1.140677 -0.415964 
-1.392378 -0.056366 
1.174553 -0.832798 
-1.462189 -0.058639 
0.689646 -0.995793 
-1.408438 -0.084775 
0.883241 -0.852910 
-1.249793 -0.765893 
0.870483 -1.215881 
0.206153 -1.198057 
1.206328 -0.540838 
0.106163 -1.368400 
1.091263 -0.805586 
-1.307165 -0.417671 
1.253550 -0.199374 
-1.357189 -0.228444 
-1.034680 -0.833182 
-1.083891 -0.761365 
-0.790669 -0.959699 
-1.319907 -0.376483 
0.285735 -1.313810 
1.348441 -0.250975 
0.348807 -1.348260 
1.300129 -0.526541 
1.150012 -0.255161 
1.277730 -0.761501 
-1.273341 -0.752126 
-0.232802 -1.199311 
1.045372 -1.025459 
0.267970 -1.179946 
-1.136515 -0.296875 
1.114343 -0.299350 
0.608469 -1.280840 
-1.062503 -0.829636 
0.059274 -1.308435 
0.708130 -1.142653 
-1.155447 -0.126953 
-0.969864 -1.083176 
0.267974 -1.468930 
0.087657 -1.167521 
-0.606197 -1.119477 
0.016173 -1.163173 
0.640153 -0.968830 
-0.344671 -1.377893 
-1.227260 -0.221082 
0.397145 -1.300149 
1.412850 -0.336484 
-1.188757 -0.276257 
-1.354320 -0.149764 
0.956555 -0.722311 
-0.976538 -0.782364 
0.941375 -0.917632 
0.088807 -1.450780 
0.027634 -1.370535 
-1.080478 -0.878439 
-1.047451 -0.767108 
0.091246 -1.260116 
-0.752575 -1.291014 
-0.316558 -1.200698 
-1.244923 -0.406010 
0.621702 -1.267674 
-1.006079 -0.594902 
1.116670 -0.328981 
-0.639336 -1.284697 
0.204963 -1.178773 
-0.927523 -0.761424 
-1.180718 -0.438657 
1.331218 -0.272325 
-0.617226 -1.109116 
1.352414 -0.370293 
-0.693738 -1.049870 
1.427746 -0.456738 
-1.441947 -0.308575 
0.204404 -1.363184 
0.718501 -1.004904 
0.442485 -1.241378 
-0.786127 -0.848249 
0.634775 -1.174190 
1.358206 -0.036860 
1.265014 -0.232126 
0.645882 -1.300367 
0.246011 -1.446231 
0.852436 -0.878957 
0.039227 -1.354756 
0.363997 -1.316928 
-0.637783 -1.327172 
0.734106 -1.092916 
-0.462937 -1.158549 
0.360990 -1.173703 
1.466124 -0.125544 
-1.233212 -0.761838 
1.395818 -0.267460 
-0.560483 -1.227906 
1.278829 -0.039786 
0.500418 -1.259814 
1.004867 -1.021210 
-1.475037 -0.018757 
0.301668 -1.358395 
-0.999122 -0.707969 
-1.402635 -0.204053 
-1.370484 -0.149910 
1.386759 -0.316930 
-0.301600 -1.123607 
-0.606946 -0.988964 
1.149916 -0.279613 
1.112614 -0.407390 
0.856348 -1.127527 
1.189183 -0.895996 
0.791205 -0.892338 
-0.139753 -1.490476 
-0.235832 -1.352351 
-0.476557 -1.190218 
-1.065508 -0.474396 
0.597955 -1.088428 
1.243088 -0.337884 
-1.347189 4.761221 
-0.979618 -5.009459 
3.988748 1.174247 
2.879166 -1.857395 
3.698035 0.763359 
-0.568911 3.486757 
-3.378774 -2.173199 
3.484859 0.919356 
3.911373 -0.555528 
-3.717905 -0.257461 
-1.402179 -3.087058 
-1.673999 2.685170 
1.985689 -4.001980 
-3.493262 -1.485310 
1.547208 -3.224288 
-1.905278 3.475019 
-0.145919 -4.651325 
4.067297 0.473225 
4.019350 -0.870641 
-1.801549 -4.141920 
3.602296 -0.640178 
2.298172 3.381082 
1.523296 3.824777 
2.874012 3.204189 
3.829405 -2.947137 
3.405706 0.778759 
1.258827 -4.397632 
-2.266365 -3.177301 
-2.302902 2.483471 
-3.224105 3.126639 
3.255033 1.863931 
-3.543635 -3.581520 
-2.922921 -2.470646 
-0.368912 -4.262285 
1.041131 4.561597 
-1.998615 -3.069931 
-1.383205 4.381167 
3.108519 1.400371 
-0.952699 -4.976710 
2.317149 -2.561025 
4.837686 0.113497 
3.896791 -2.770782 
2.994952 3.939080 
-4.279485 -0.758083 
4.852442 -1.678014 
0.956224 -3.636462 
3.932169 -1.258698 
0.669760 3.374455 
0.317344 3.128893 
3.787911 -3.274851 
1.631265 -4.455248 
-3.689570 -0.119661 
-4.289907 0.472434 
2.281759 2.855611 
-0.690827 5.143379 
2.759738 3.201979 
4.912952 1.185420 
1.992255 2.713300 
3.152534 4.118586 
-5.116446 0.188030 
2.819776 -4.084432 
2.127418 4.183933 
-1.692277 3.294689 
0.575201 3.711766 
1.957860 -4.806977 
4.749450 -1.044547 
0.483246 4.266056 
0.645997 4.626475 
0.663409 4.529995 
0.081833 -4.353288 
4.794470 -0.091841 
0.563847 -4.434941 
-3.637420 0.562154 
0.642541 4.560039 
1.052307 -3.175466 
0.369946 -3.457577 
-4.737543 0.484508 
-4.069601 -2.228624 
3.094107 -0.797860 
3.980230 -0.481300 
-2.345402 3.309985 
-3.213313 -3.451339 
0.589374 -3.257755 
-1.409643 -4.625925 
2.768447 -3.154346 
-0.970797 -4.204334 
3.608458 3.068405 
-0.601412 3.692520 
3.948612 -3.012358 
-0.011172 -3.863659 
3.181344 2.290164 
-3.868962 2.328529 
3.531621 1.966736 
0.145586 -4.857896 
3.069729 -2.102793 
2.985085 -1.387953 
3.507709 1.908870 
-1.457387 -4.744853 
4.733676 1.004792 
3.394871 2.307756 
-2.544951 -1.828112 
3.377586 -1.124143 
-3.095094 -3.641434 
-2.924987 3.987417 
3.199779 2.221613 
1.155579 5.038679 
-0.213703 4.543303 
1.452263 3.582221 
-3.648060 2.675528 
2.054897 -4.183139 
3.794424 -2.854265 
-3.857951 2.960595 
-2.856119 1.739138 
1.907147 -3.721077 
-0.004993 -3.649453 
-1.944227 3.158760 
-3.801332 1.593958 
-1.875130 4.527481 
2.370628 -3.468695 
-2.006672 -3.367838 
-2.895405 -1.704326 
0.821099 4.053983 
-1.140653 -3.170893 
4.283643 2.450721 
-0.067583 -3.290693 
-4.413022 -0.680218 
4.773822 0.312567 
-2.612165 -2.551781 
-4.397840 1.907632 
3.521400 2.002580 
-2.177921 -2.646236 
3.138694 -3.982811 
4.205491 -2.293799 
4.638052 -0.591583 
-0.331905 4.300925 
-2.487178 2.070387 
-2.661133 -2.184840 
4.145473 -3.093165 
-4.289382 -2.312055 
-3.595587 3.662589 
1.455210 -3.911535 
-4.377181 -2.636701 
-4.346684 0.904001 
-1.718631 -3.043336 
2.133446 2.841170 
3.835523 0.706007 
0.058905 3.650004 
-2.362396 -2.764397 
5.041477 -0.546921 
-1.862626 -3.130255 
-1.289566 -4.404638 
0.653262 -3.148529 
2.367009 -2.200131 
-3.505940 0.416639 
-4.071059 1.810485 
-1.663614 3.095948 
-1.061000 3.869296 
1.017075 3.196133 
-3.128564 -3.651702 
2.224600 2.886892 
4.603662 2.211464 
0.488504 -4.565995 
4.405120 0.464210 
-2.718154 1.691908 
3.277997 1.066948 
3.499145 3.508064 
0.023931 -4.741262 
-3.664526 0.236223 
-3.815278 1.716366 
0.341979 -3.597945 
-4.485284 0.732173 
-3.695037 -1.765718 
-1.530145 3.685899 
1.466299 -4.542028 
0.518574 -4.937967 
0.590069 -4.765405 
-3.924590 -2.869077 
-3.824283 -0.479347 
0.312667 5.070298 
-1.704449 4.201843 
-1.076913 3.881682 
-4.658228 1.872143 
-4.138329 1.516037 
-1.312221 -4.520113 
-4.639952 -1.667752 
-3.276309 3.527043 
3.886738 -0.965425 
-3.146779 3.297483 
-5.093372 -0.619019 
-0.175131 -4.852591 
-4.076616 2.868802 
-4.372079 -1.849903 
-2.704369 -2.293311 
0.847572 -3.324937 
-3.431435 -1.771476 
-4.541605 1.521158 
2.869882 1.599226 
3.737301 1.602055 
3.992674 0.578958 
3.865489 0.058849 
0.499128 3.164646 
0.227609 3.946137 
-1.638733 -3.385537 
-1.917572 3.785530 
0.911597 -4.975091 
3.749097 0.706325 
-3.567348 1.293149 
-0.095867 3.229305 
-0.291281 -3.274348 
4.970920 -0.730908 
-1.469983 -4.090426 
3.183501 0.529561 
0.303946 4.499920 
-3.722095 -1.862332 
3.212708 -4.021370 
-0.285117 -4.259709 
0.456258 4.418106 
3.471430 -0.378848 
-3.022292 -2.081275 
-3.000762 1.627788 
1.035306 4.190183 
-3.976473 -0.614904 
-1.217927 -4.016523 
-3.550288 3.004978 
3.745247 -2.780892 
-2.235910 3.825412 
-4.096186 -1.371755 
0.965019 4.353640 
0.920966 -3.459914 
-3.855053 1.981661 
0.565532 -3.776789 
-0.498262 4.234625 
-1.603909 -3.729284 
4.104714 2.624015 
-0.124460 4.381233 
1.322239 4.134765 
3.505631 3.214838 
-3.188281 3.562498 
-4.811573 1.914409 
1.236385 2.869281 
-3.348793 -3.219465 
-0.167938 4.510582 
-4.432029 -0.782175 
1.195677 3.940796 
-4.507298 -2.118970 
4.866029 -1.806002 
-4.429517 -0.107977 
-2.951676 3.427294 
-1.928335 4.026757 
2.943870 3.130941 
3.503953 -3.840087 
1.927950 3.719366 
-1.942866 4.585423 
3.460675 -2.557056 
-3.386706 -3.576472 
1.669050 -3.492100 
-0.178901 -5.031012 
-3.171993 -3.541268 
4.702720 -1.098131 
3.866716 1.870858 
1.460550 4.771882 
2.812869 -1.598890 
0.712402 4.136073 
-2.429953 -3.804091 
-4.356554 -2.159246 
-0.622964 3.599984 
0.199151 -4.769557 
0.718303 4.910260 
-2.633205 4.267328 
2.644312 -4.263379 
3.804533 -2.122548 
-2.055128 2.930400 
1.784370 2.979803 
-2.124780 -3.154061 
-3.651659 -2.046248 
-3.641853 -3.253103 
-0.329374 5.177807 
3.738381 -1.107518 
-0.780827 -4.578525 
-3.172522 3.006810 
-3.141850 -2.894505 
-1.512984 4.698091 
0.456582 -4.070387 
4.007223 -0.766549 
-4.659538 -1.280397 
-0.927701 4.958140 
-2.293050 -2.184989 
-0.130901 4.901285 
-0.808335 -4.341723 
0.276165 -4.894817 
-3.669011 -2.707472 
-2.197588 -3.419980 
-4.135203 -3.060315 
-2.959925 1.729596 
-3.458148 0.363491 
-1.042231 -4.367044 
4.859260 -1.399390 
3.216379 0.156821 
0.842314 -4.178852 
2.985683 -1.641890 
0.436936 4.593619 
1.989103 -4.101252 
-2.622993 -2.465217 
0.854967 -3.256799 
-1.111195 3.693549 
4.697571 1.673477 
4.663130 -0.924274 
-2.955483 -4.236833 
3.216885 2.350553 
1.059871 -3.791009 
2.373812 -3.150278 
-1.415339 4.210931 
1.900849 -2.670376 
-2.085909 2.585976 
0.152973 -4.516911 
-4.329448 -1.715683 
-4.874628 -0.991714 
4.282580 -0.821048 
-3.355799 -1.226876 
-4.330430 -1.206591 
-5.059757 0.916832 
-3.851137 -2.967024 
-2.839995 4.305660 
4.648488 -2.076700 
-1.431975 -2.873699 
-1.096076 -3.600441 
-2.328345 3.708823 
-4.426000 -1.521195 
2.942933 -3.845160 
4.579091 1.829746 
0.446305 4.284798 
-3.168305 -4.111424 
2.958705 3.717926 
-3.125949 3.133306 
1.328885 -3.575451 
-4.595520 0.874037 
-3.446537 0.839376 
3.953999 -0.232574 
3.387095 3.867866 
-2.006078 -4.063378 
0.071493 4.458463 
1.453735 2.899370 
-3.317605 2.289880 
0.605147 -4.084247 
-4.954521 1.379681 
-3.709955 0.844702 
1.767772 4.141372 
0.268866 3.123350 
2.766621 4.007958 
-0.133817 3.164827 
-0.324556 3.849382 
-3.718209 2.318244 
-0.864906 3.113430 
-2.986476 2.598452 
1.778482 3.257121 
0.980058 4.227948 
-0.063493 -3.740486 
-3.845550 1.508605 
4.100766 1.672056 
5.093980 -0.163397 
-2.137101 -3.353781 
-2.331174 4.522986 
-3.874245 -0.779742 
5.029294 1.076919 
2.290207 -2.899523 
3.319398 -3.029695 
2.141940 -3.292086 
-2.572147 2.926078 
-0.363856 4.075502 
-1.686207 -4.742729 
2.553289 4.010326 
3.494659 2.760754 
0.443582 3.367481 
-2.377224 -2.780333 
2.259613 2.175197 
2.468782 3.975422 
-4.385804 0.140743 
-3.973520 0.463524 
-0.454723 -3.982481 
4.800872 -0.769812 
-2.554252 3.615064 
4.518081 0.210103 
-3.281053 -1.834967 
-2.761976 2.050759 
-3.561336 2.102398 
1.401565 4.633194 
-3.207797 -1.488219 
-3.899906 -0.198160 
-3.022609 -2.815058 
-1.932920 -3.988011 
-0.857155 4.891275 
-0.246696 3.610973 
-0.402776 3.513005 
-1.577759 4.002340 
2.730562 2.361613 
1.800899 -3.893394 
-1.470549 -3.456000 
-0.726548 3.426425 
1.093125 4.346384 
2.507362 -3.775670 
-1.920542 -3.464512 
4.643577 -0.589334 
3.462067 0.567191 
4.166800 1.389252 
-3.057102 -3.198396 
-4.110049 3.008016 
2.163585 3.959974 
-3.762949 -1.402853 
4.601588 -1.017874 
4.841528 -0.832421 
2.924712 -3.204628 
0.991967 -4.251290 
-3.244170 -3.671945 
3.289035 1.932542 
1.224246 -3.274065 
3.416482 3.889180 
-3.954461 0.041621 
-0.880685 -3.300638 
4.762563 1.907606 
0.214633 4.836560 
-0.584043 -3.606538 
3.686045 2.442222 
-3.642709 -3.557152 
4.157841 -1.962928 
2.774131 2.170807 
-3.200162 -3.118737 
-3.670289 -1.690373 
-2.437695 -3.086703 
5.137968 -0.192286 
-1.834089 4.024684 
-2.199289 2.452273 
-2.962112 3.464788 
2.807354 3.010989 
3.851629 2.557728 
4.132266 2.450933 
1.061754 4.975725 
3.882912 0.132530 
3.383849 -1.251086 
-0.826723 -4.729652 
-3.378698 1.439819 
-1.584957 -4.543960 
-2.650174 -2.065147 
-3.277452 -0.012672 
1.665336 -4.206133 
0.189760 3.654388 
1.688814 -4.865814 
-2.793682 -2.488652 
2.240843 3.959515 
-1.291961 -4.826133 
1.929004 3.590584 
3.436706 3.627993 
-3.373218 -1.671582 
-1.518848 -2.835271 
3.848843 3.306063 
-4.944150 -1.440897 
-3.378995 1.058340 
-0.671850 5.080064 
0.549965 4.076717 
2.438541 -2.578313 
-2.440348 2.940611 
-3.277473 -0.715463 
2.056416 2.523085 
-2.253937 2.438174 
1.360836 3.797194 
-3.934266 -2.192770 
-2.814620 1.387670 
-0.571404 3.316375 
3.008124 -4.014906 
4.956392 0.383391 
0.061456 -3.296636 
2.413452 -2.209174 
-3.404491 -0.207148 
-4.262333 -1.747871 
-3.571834 2.943667 
-4.936495 1.084668 
0.677400 4.509240 
-4.265973 1.106976 
-1.890231 -4.231718 
-1.009841 4.658051 
-3.751368 -1.768463 
4.278385 -1.802840 
3.206379 1.845756 
0.193447 3.162224 
-2.035258 -4.532741 
0.256667 -4.386064 
2.743476 3.512719 
-2.437251 -2.350884 
0.309795 3.727806 
-1.751802 -4.122907 
3.845380 1.477110 
1.981510 -3.926594 
-4.579364 -1.318409 
4.395434 0.601233 
3.003282 -1.515918 
-0.864138 -3.033184 
1.390256 3.503038 
-1.246632 3.169579 
3.999252 -3.026313 
1.311427 4.584105 
3.370851 -1.940487 
-2.252985 2.295290 
-3.273686 -2.633019 
-3.580695 -3.039664 
-1.236189 4.704259 
-2.500672 -4.417059 
2.451792 3.652633 
3.647958 1.065172 
-3.803283 1.181511 
-2.497806 -3.395331 
-0.113325 -4.090804 
2.110320 -3.026284 
4.313960 -1.589438 
4.050673 -0.408268 
-2.797590 -2.953425 
-3.523408 2.232982 
-1.484345 -3.649190 
-0.678724 -3.358856 
2.864224 -3.891571 
1.972444 -4.484808 
1.210456 -4.632823 
0.360724 3.451821 
-0.500566 3.129401 
-2.343002 2.334613 
0.873023 -3.955541 
3.266892 1.680668 
-1.469342 3.274439 
1.424227 4.632943 
-2.315856 3.780705 
1.144805 -4.074285 
1.082080 -3.877001 
2.414600 -2.198251 
3.189460 -4.022792 
-2.280426 -4.431734 
2.946886 1.637560 
-4.716852 1.899002 
-0.203274 -3.202184 
-3.299708 3.125212 
1.544003 4.406502 
-2.376834 -4.571670 
-4.249000 -2.831508 
-0.767507 4.370448 
3.227661 -3.206964 
-0.808674 5.046799 
-1.567253 4.127466 
-4.184896 2.841055 
-3.064266 1.225944 
-0.819044 -5.064624 
-3.270479 0.210224 
4.368364 -1.489676 
2.682667 -2.850879 
1.709528 -2.687259 
-1.803050 -4.277761 
3.817089 1.826083 
-2.748418 2.465698 
-3.257071 -3.383559 
-4.650440 -0.178640 
1.714753 -2.876784 
-1.212932 4.041077 
2.364037 -4.280127 
3.426891 1.364813 
2.319667 3.181605 
0.698521 -4.582086 
-3.134693 -2.475479 
3.569113 -3.222217 
3.922251 1.859529 
1.644913 -3.577848 
-3.872427 2.592840 
0.907271 5.032536 
0.622930 -5.137372 
-0.976664 3.116245 
0.779038 -3.269212 
4.312710 -1.005225 
3.257959 1.260979 
-1.272933 -3.763428 
4.563704 -0.935301 
5.145127 0.169665 
-3.103170 4.153089 
-4.650293 1.509710 
4.186057 2.911171 
0.522860 4.003927 
4.581092 1.365045 
-5.078699 -0.336682 
-3.802535 -2.601204 
1.065663 3.321509 
-2.249485 -3.802899 
3.192604 -3.722610 
-1.381343 -4.083671 
-0.634567 -3.136078 
-0.043874 3.377821 
-2.138799 -2.763430 
-0.084256 4.740964 
1.066083 -3.454462 
-0.954125 -3.536603 
0.745355 5.121301 
-0.003349 -4.598045 
2.110329 4.378624 
4.820553 0.050402 
3.287635 3.825033 
1.860286 3.822004 
5.064470 0.370636 
-1.141619 -4.273797 
4.656681 -0.942177 
-2.310151 -3.101611 
-3.542411 1.743476 
2.906492 -2.125350 
-1.915438 3.029735 
-3.484921 2.535430 
3.621153 -3.406485 
2.513773 -2.337510 
3.992741 -2.645352 
-1.618625 -3.688642 
4.801179 -0.506339 
2.737500 -4.339996 
0.383805 -4.840172 
3.997510 -1.042140 
-4.862727 0.114137 
-3.932143 -2.251168 
4.368498 -2.604623 
-0.077896 4.286208 
1.305598 -3.833567 
-4.030584 1.538248 
-4.427848 -0.075475 
-2.760089 -4.229377 
-3.663658 3.220515 
0.906604 3.204528 
-1.290707 -3.586000 
3.858844 -2.073083 
2.695499 1.580593 
-3.211616 -1.805188 
-3.117218 4.013977 
-3.862635 -0.174061 
-3.398663 0.583324 
-2.742112 -3.714448 
2.311376 3.600899 
3.396826 0.537233 
1.203825 -3.584245 
0.278156 3.173666 
3.134978 0.054382 
-1.592148 4.527335 
3.210466 -3.557523 
-3.168227 -4.010146 
-1.748309 3.585788 
3.692433 -1.259084 
-2.611852 2.907492 
1.225039 -3.709268 
3.678154 -2.173690 
-0.089923 -4.321680 
1.011884 3.634785 
0.132489 3.786663 
2.125833 -3.404833 
2.007651 4.400152 
-3.289713 -0.370235 
-2.055369 2.770416 
-5.109274 0.543586 
-4.185176 0.767432 
-3.911099 1.520824 
-0.132470 4.014993 
-2.561790 -3.290317 
-4.722460 -0.915704 
-3.738180 2.860897 
-1.178926 -3.571802 
-3.293629 1.533583 
0.093512 -3.754800 
3.333627 -1.926956 
-3.154215 -3.109545 
1.785753 -4.258239 
-1.184654 4.884467 
-4.914472 0.041802 
-4.411465 0.680956 
-3.550155 -3.387813 
4.301728 2.721738 
-2.665350 3.413232 
1.752195 -4.234549 
2.190742 -2.845233 
-3.873315 -2.770532 
-1.183592 4.372161 
3.433387 -3.862884 
-1.656222 -3.724379 
-1.806259 -3.871550 
2.309650 4.385665 
3.538150 3.296176 
-3.920645 -0.065700 
-2.924546 -2.900386 
1.541734 3.667507 
-4.611486 -1.875566 
3.183610 -1.071407 
-0.269516 4.631391 
-2.596503 2.242475 
2.566312 -1.971489 
-3.660835 -3.613035 
2.389854 -4.441377 
2.781869 2.318224 
-3.047569 -4.040898 
-2.986446 1.059915 
4.975832 -0.554066 
3.321614 -2.726953 
-2.476246 -3.677188 
-1.781151 4.862121 
-2.479065 4.351062 
2.812972 -2.392646 
-3.798568 -1.200335 
0.959739 3.938764 
-3.771825 -1.045587 
-2.459780 4.422249 
4.740338 -1.323714 
-2.698061 3.296080 
3.269295 -3.025268 
-0.084019 -3.474320 
0.012575 3.967324 
-0.832368 -3.171937 
4.281892 1.964861 
3.059184 1.976530 
0.419487 3.560316 
-4.279521 0.827972 
2.816667 -4.246230 
4.783041 -0.790388 
-0.451075 -3.699674 
-0.649445 -4.117067 
2.441063 -3.144573 
3.232492 -2.638531 
-2.046523 3.631737 
-1.802769 -3.224513 
2.265489 3.099585 
-2.392338 2.397901 
-3.922006 2.301178 
-2.168226 -3.017308 
-1.756896 4.477035 
-3.663903 -1.906833 
0.139191 -4.375746 
3.874896 -1.815648 
-2.852190 -2.815810 
3.500534 -1.243877 
1.919796 2.910629 
-2.817830 2.310516 
-0.036294 5.122424 
1.276408 -3.358509 
3.855050 2.906514 
3.866876 2.135224 
3.486688 -2.685405 
-3.701196 -1.558742 
3.544582 -0.760588 
-1.497260 3.840497 
3.551252 -0.559332 
3.129129 3.088620 
-0.776216 3.721834 
-0.207408 -4.411642 
-5.057095 0.531358 
-4.065099 2.602328 
1.802825 -3.326250 
-2.972351 -2.360857 
-2.601168 4.302495 
1.774803 -4.732892 
-2.983027 3.754230 
1.906035 -3.273787 
0.054483 3.396260 
2.513447 3.870309 
-3.435887 1.041181 
-1.490666 -3.882977 
-2.875655 3.467018 
-3.242479 1.183234 
2.152981 -3.517467 
1.228006 5.009764 
3.718773 -2.224630 
-1.798901 -4.763904 
1.091682 4.669253 
3.709833 1.274119 
1.309046 4.540187 
3.164842 3.862055 
-2.816360 -1.538308 
-3.140902 0.882686 
4.680377 -1.420435 
1.725895 2.969645 
2.807729 2.865771 
4.576111 2.177685 
-2.592644 3.805799 
3.322092 0.911919 
-3.444486 -1.687749 
2.252271 -3.886672 
3.791636 1.712928 
1.537812 3.246138 
-2.807796 -2.751232 
-1.480073 -3.979964 
5.091807 0.141284 
-4.181565 -1.948312 
-0.014951 -4.570175 
-2.351765 2.056491 
0.505798 4.085559 
-2.762606 3.102045 
0.221116 -3.377240 
1.993023 4.734779 
0.905050 3.515733 
-3.930769 -2.491670 
-3.300447 -1.296382 
1.701988 3.437802 
1.640883 4.494924 
3.495802 0.879896 
4.272485 -2.573348 
0.872797 3.465279 
3.667427 -1.201184 
-5.060445 0.795233 
2.932738 -2.905641 
-2.862864 -3.811328 
2.569956 3.765337 
2.809366 -3.873523 
-1.631618 -3.861484 
3.295335 -2.098432 
1.583599 -4.803550 
0.507069 4.825991 
1.717204 -3.108067 
-4.430957 1.044525 
1.008254 3.187797 
2.858875 2.826178 
2.732167 -2.063798 
-1.505491 3.749748 
-3.544604 -1.845589 
4.358318 2.738420 
-2.809830 4.260721 
3.401418 1.404268 
4.486116 1.797676 
-2.857016 -3.531933 
-3.614368 -2.048089 
2.348020 -2.444352 
1.462534 4.828037 
2.329773 4.055599 
4.942622 -0.930667 
3.263157 -0.543819 
-0.365919 4.027353 
4.253163 1.778547 
1.429307 -4.007568 
4.321128 1.364614 
3.947858 3.205555 
1.935171 3.905911 
2.407149 2.647936 
0.998616 -3.413210 
-1.052807 3.646773 
3.994938 -2.356164 
4.280178 -0.224076 
3.329024 -0.607136 
0.237472 -3.646054 
-4.373821 1.903639 
2.158877 -3.508033 
-2.488343 -2.256777 
-4.887675 0.210530 
1.759609 -3.082860 
0.908347 -4.620391 
-3.374729 -0.412189 
3.515450 2.315083 
-3.533605 1.283103 
-1.871140 -3.742191 
1.399603 -2.832132 
4.229032 -2.352330 
2.148078 -4.460196 
-4.130392 2.050973 
4.816207 -0.941680 
-3.616364 -3.261368 
-0.212367 -4.805656 
-2.803513 -3.525891 
3.542197 -0.982446 
2.322515 -2.707258 
-3.638393 -3.230721 
2.656985 -3.116993 
-1.979898 2.779052 
1.823062 -4.723690 
-2.900203 2.642166 
4.294362 0.974039 
4.300903 1.001494 
-2.337442 4.360967 
0.327906 3.613282 
4.262307 1.450696 
4.095345 2.781576 
-1.190989 -5.011688 
2.371687 -2.975078 
0.771277 4.067389 
3.396156 -2.404791 
-2.173168 -2.945118 
-1.092546 -3.825286 
-1.625181 -3.378105 
3.447692 0.690831 
3.149120 -0.305973 
-3.442581 -1.226698 
-2.123189 -2.478342 
-2.673652 3.862180 
-1.816628 4.437272 
1.977098 3.691398 
-3.761195 2.907781 
2.626687 -2.589307 
3.357687 -2.887574 
3.107866 0.992555 
2.451177 3.248954 
-3.900449 0.359071 
-4.523609 -1.564208 
3.818057 -1.319353 
4.722424 -0.839054 
-2.461285 3.754713 
-3.500242 -3.176826 
-3.745133 -1.771711 
-4.709060 1.803728 
-3.182915 0.212156 
2.909548 -2.567285 
2.000410 -3.587784 
1.677995 -3.705992 
-2.129666 -2.453768 
1.106339 3.903069 
-3.512999 -0.597002 
3.191432 -0.146003 
4.753641 1.581802 
2.995949 -2.906668 
2.546316 2.374700 
3.033113 2.305494 
1.797981 3.843616 
4.754354 -1.599104 
-0.729250 4.423567 
2.223318 -4.616118 
3.857861 2.080164 
0.740534 4.479911 
3.834871 2.124286 
-0.783757 4.721367 
-3.258518 2.991500 
2.263829 -3.314285 
3.988047 -3.218086 
2.564785 3.900619 
2.175662 4.591560 
0.659530 -3.534982 
-4.535511 -0.676588 
4.826633 -1.252061 
-4.851063 1.113643 
1.134967 4.785219 
0.749302 -4.431333 
-4.189706 -0.991356 
-3.978313 0.670881 
2.728887 -1.570761 
-0.021130 -3.389631 
-2.260304 -2.321251 
-4.613408 1.547458 
-1.249206 2.904469 
3.350385 -2.448050 
4.346481 1.330630 
2.716428 3.123787 
-3.991007 2.352605 
-2.403940 -4.361966 
4.662089 -1.783222 
4.216931 0.096107 
-2.895878 -2.193385 
-2.975301 3.595094 
-3.159747 3.047747 
-3.583362 1.424743 
-2.746613 3.565023 
2.715737 3.139591 
4.573506 2.114536 
2.306172 4.193956 
4.014754 -0.489648 
-3.882793 -0.985718 
-4.073349 0.719762 
3.374277 1.798217 
-1.728340 4.050901 
2.849786 3.153319 
4.528454 -0.406306 
4.507942 -0.756593 
-2.659144 -2.249092 
-2.767872 -2.800743 
4.646659 -1.324484 
0.324108 4.114207 
-3.463034 2.518468 
-2.307203 3.855260 
-2.504325 -1.868943 
0.542092 -4.652067 
2.575859 3.915960 
2.405738 2.558837 
3.491893 1.777940 
-4.399923 -2.376705 
-3.216283 0.855791 
3.616444 -2.622022 
0.320229 3.797613 
-3.705394 -1.746026 
-1.241308 -4.620644 
0.232717 -3.304812 
-3.862041 -1.253998 
4.373171 2.255780 
-0.744804 3.945635 
-2.897577 -2.368578 
-2.629082 -4.106888 
-2.601598 -2.879933 
3.380537 -3.474912 
2.648499 -1.926866 
4.545594 0.210824 
2.641359 -3.152662 
2.290249 -2.996822 
4.860774 -1.826866 
4.146653 -1.056434 
0.894981 4.714681 
3.233943 2.544070 
-2.763723 -4.136176 
2.040430 3.550762 
3.500840 -0.704083 
4.167965 1.568670 
3.908640 -0.042239 
4.151076 2.704701 
-0.485275 3.388871 
-3.299943 -3.873175 
-4.427089 -0.032359 

